b 0
w -0,5 0 0,1 1
w 0 -0,5 1 0,1
w -0,5 1 0,1 1
w -0,5 2 0,1 1
w -0,5 3 0,1 1
w -0,5 4 0,1 1
w 0 4,5 1 0,1
w 1 4,5 1 0,1
w 0,5 4,25 0,05 0,5
w 0,5 3,75 0,05 0,5
w 1,5 4,25 0,05 0,5
w 1,5 3,75 0,05 0,5
w 0,5 3,25 0,05 0,5
w 0,5 2,75 0,05 0,5
w 1,5 3,25 0,05 0,5
w 1,5 2,75 0,05 0,5
w 0,5 2,25 0,05 0,5
w 0,5 1,75 0,05 0,5
w 1,5 2,25 0,05 0,5
w 1,5 1,75 0,05 0,5
w 0,5 1,25 0,05 0,5
w 0,5 0,75 0,05 0,5
w 1,5 1,25 0,05 0,5
w 1,5 0,75 0,05 0,5
w 1 -0,5 1 0,1
w 0,5 0,25 0,05 0,5
w 0,5 -0,25 0,05 0,5
w 1,5 0,25 0,05 0,5
w 1,5 -0,25 0,05 0,5
w 2 -0,5 1 0,1
w 2 4,5 1 0,1
w 3,5 4 0,1 1
w 3 4,5 1 0,1
w 3,5 3 0,1 1
w 3,5 2 0,1 1
w 3,5 1 0,1 1
w 3,5 0 0,1 1
w 3 -0,5 1 0,1
b 1
w -0,5 6 0,1 1
w 0 5,5 1 0,1
w -0,5 7 0,1 1
w -0,25 7,5 0,5 0,05
w -0,25 6,5 0,5 0,05
w 0,25 7,5 0,5 0,05
w 0,25 6,5 0,5 0,05
w -0,5 8 0,1 1
w -0,5 9 0,1 1
w 0 9,5 1 0,1
w 1 9,5 1 0,1
w 1,5 9,25 0,05 0,5
w 1,5 8,75 0,05 0,5
w 1,5 8,25 0,05 0,5
w 1,5 7,75 0,05 0,5
w 0,75 7,5 0,5 0,05
w 0,75 6,5 0,5 0,05
w 1,25 7,5 0,5 0,05
w 1,25 6,5 0,5 0,05
w 1 5,5 1 0,1
w 1,5 6,25 0,05 0,5
w 1,5 5,75 0,05 0,5
w 2 5,5 1 0,1
w 1,75 7,5 0,5 0,05
w 1,75 6,5 0,5 0,05
w 2,25 7,5 0,5 0,05
w 2,25 6,5 0,5 0,05
w 2 9,5 1 0,1
w 3,5 9 0,1 1
w 3 9,5 1 0,1
w 3,5 8 0,1 1
w 3,5 7 0,1 1
w 2,75 7,5 0,5 0,05
w 2,75 6,5 0,5 0,05
w 3,25 7,5 0,5 0,05
w 3,25 6,5 0,5 0,05
w 3,5 6 0,1 1
w 3 5,5 1 0,1
b 2
w -0,5 25 0,1 1
w 0 24,5 1 0,1
w -0,5 26 0,1 1
w -0,5 27 0,1 1
w -0,25 27,5 0,5 0,05
w 0,25 27,5 0,5 0,05
w -0,5 28 0,1 1
w -0,5 29 0,1 1
w 0 29,5 1 0,1
w 1 29,5 1 0,1
w 0,5 29,25 0,05 0,5
w 0,5 28,75 0,05 0,5
w 1,5 29,25 0,05 0,5
w 1,5 28,75 0,05 0,5
w 0,5 28,25 0,05 0,5
w 0,5 27,75 0,05 0,5
w 1,5 28,25 0,05 0,5
w 1,5 27,75 0,05 0,5
w 0,5 27,25 0,05 0,5
w 0,5 26,75 0,05 0,5
w 1,5 27,25 0,05 0,5
w 1,5 26,75 0,05 0,5
w 0,5 26,25 0,05 0,5
w 0,5 25,75 0,05 0,5
w 1,5 26,25 0,05 0,5
w 1,5 25,75 0,05 0,5
w 1 24,5 1 0,1
w 0,5 25,25 0,05 0,5
w 0,5 24,75 0,05 0,5
w 1,5 25,25 0,05 0,5
w 1,5 24,75 0,05 0,5
w 2 24,5 1 0,1
w 1,75 27,5 0,5 0,05
w 2,25 27,5 0,5 0,05
w 2 29,5 1 0,1
w 3,5 29 0,1 1
w 3 29,5 1 0,1
w 3,5 28 0,1 1
w 3,5 27 0,1 1
w 2,75 27,5 0,5 0,05
w 3,25 27,5 0,5 0,05
w 3,5 26 0,1 1
w 3,5 25 0,1 1
w 3 24,5 1 0,1
b 3
w -0,5 31 0,1 1
w 0 30,5 1 0,1
w -0,5 32 0,1 1
w -0,25 32,5 0,5 0,05
w -0,25 31,5 0,5 0,05
w 0,25 32,5 0,5 0,05
w 0,25 31,5 0,5 0,05
w -0,5 33 0,1 1
w -0,5 34 0,1 1
w 0 34,5 1 0,1
w 1 34,5 1 0,1
w 0,75 32,5 0,5 0,05
w 0,75 31,5 0,5 0,05
w 1,25 32,5 0,5 0,05
w 1,25 31,5 0,5 0,05
w 1 30,5 1 0,1
w 2 30,5 1 0,1
w 1,75 32,5 0,5 0,05
w 1,75 31,5 0,5 0,05
w 2,25 32,5 0,5 0,05
w 2,25 31,5 0,5 0,05
w 2 34,5 1 0,1
w 3,5 34 0,1 1
w 3 34,5 1 0,1
w 3,5 33 0,1 1
w 3,5 32 0,1 1
w 2,75 32,5 0,5 0,05
w 2,75 31,5 0,5 0,05
w 3,25 32,5 0,5 0,05
w 3,25 31,5 0,5 0,05
w 3,5 31 0,1 1
w 3 30,5 1 0,1
b 4
w 5,5 36 0,1 1
w 6 35,5 1 0,1
w 5,5 37 0,1 1
w 5,75 37,5 0,5 0,05
w 5,75 36,5 0,5 0,05
w 6,25 37,5 0,5 0,05
w 6,25 36,5 0,5 0,05
w 5,5 38 0,1 1
w 5,5 39 0,1 1
w 6 39,5 1 0,1
w 7 39,5 1 0,1
w 6,75 37,5 0,5 0,05
w 6,75 36,5 0,5 0,05
w 7,25 37,5 0,5 0,05
w 7,25 36,5 0,5 0,05
w 7 35,5 1 0,1
w 8 35,5 1 0,1
w 8,5 36,25 0,05 0,5
w 8,5 35,75 0,05 0,5
w 7,75 37,5 0,5 0,05
w 7,75 36,5 0,5 0,05
w 8,25 37,5 0,5 0,05
w 8,25 36,5 0,5 0,05
w 8,5 38,25 0,05 0,5
w 8,5 37,75 0,05 0,5
w 8 39,5 1 0,1
w 8,5 39,25 0,05 0,5
w 8,5 38,75 0,05 0,5
w 9 39,5 1 0,1
w 8,75 37,5 0,5 0,05
w 8,75 36,5 0,5 0,05
w 9,25 37,5 0,5 0,05
w 9,25 36,5 0,5 0,05
w 9 35,5 1 0,1
w 10 35,5 1 0,1
w 10,5 36,25 0,05 0,5
w 10,5 35,75 0,05 0,5
w 9,75 37,5 0,5 0,05
w 9,75 36,5 0,5 0,05
w 10,25 37,5 0,5 0,05
w 10,25 36,5 0,5 0,05
w 10,5 38,25 0,05 0,5
w 10,5 37,75 0,05 0,5
w 10 39,5 1 0,1
w 10,5 39,25 0,05 0,5
w 10,5 38,75 0,05 0,5
w 11 39,5 1 0,1
w 10,75 37,5 0,5 0,05
w 10,75 36,5 0,5 0,05
w 11,25 37,5 0,5 0,05
w 11,25 36,5 0,5 0,05
w 11 35,5 1 0,1
w 12 35,5 1 0,1
w 11,75 37,5 0,5 0,05
w 11,75 36,5 0,5 0,05
w 12,25 37,5 0,5 0,05
w 12,25 36,5 0,5 0,05
w 12 39,5 1 0,1
w 13,5 39 0,1 1
w 13 39,5 1 0,1
w 13,5 38 0,1 1
w 13,5 37 0,1 1
w 12,75 37,5 0,5 0,05
w 12,75 36,5 0,5 0,05
w 13,25 37,5 0,5 0,05
w 13,25 36,5 0,5 0,05
w 13,5 36 0,1 1
w 13 35,5 1 0,1
b 5
w 4,5 9 0,1 1
w 5 8,5 1 0,1
w 4,5 10 0,1 1
w 4,5 11 0,1 1
w 4,5 12 0,1 1
w 4,75 12,5 0,5 0,05
w 5,25 12,5 0,5 0,05
w 4,5 13 0,1 1
w 4,5 14 0,1 1
w 5 14,5 1 0,1
w 6 14,5 1 0,1
w 5,5 14,25 0,05 0,5
w 5,5 13,75 0,05 0,5
w 6,5 14,25 0,05 0,5
w 6,5 13,75 0,05 0,5
w 5,5 13,25 0,05 0,5
w 5,5 12,75 0,05 0,5
w 6,5 13,25 0,05 0,5
w 6,5 12,75 0,05 0,5
w 5,5 12,25 0,05 0,5
w 5,5 11,75 0,05 0,5
w 6,5 12,25 0,05 0,5
w 6,5 11,75 0,05 0,5
w 5,5 11,25 0,05 0,5
w 5,5 10,75 0,05 0,5
w 6,5 11,25 0,05 0,5
w 6,5 10,75 0,05 0,5
w 5,5 10,25 0,05 0,5
w 5,5 9,75 0,05 0,5
w 6,5 10,25 0,05 0,5
w 6,5 9,75 0,05 0,5
w 6 8,5 1 0,1
w 5,5 9,25 0,05 0,5
w 5,5 8,75 0,05 0,5
w 6,5 9,25 0,05 0,5
w 6,5 8,75 0,05 0,5
w 7 8,5 1 0,1
w 6,75 12,5 0,5 0,05
w 7,25 12,5 0,5 0,05
w 7 14,5 1 0,1
w 8,5 14 0,1 1
w 8 14,5 1 0,1
w 8,5 13 0,1 1
w 8,5 12 0,1 1
w 7,75 12,5 0,5 0,05
w 8,25 12,5 0,5 0,05
w 8,5 11 0,1 1
w 8,5 10 0,1 1
w 8,5 9 0,1 1
w 8 8,5 1 0,1
b 6
w 4,5 16 0,1 1
w 5 15,5 1 0,1
w 4,5 17 0,1 1
w 4,75 17,5 0,5 0,05
w 4,75 16,5 0,5 0,05
w 5,25 17,5 0,5 0,05
w 5,25 16,5 0,5 0,05
w 4,5 18 0,1 1
w 4,5 19 0,1 1
w 5 19,5 1 0,1
w 6 19,5 1 0,1
w 5,75 17,5 0,5 0,05
w 5,75 16,5 0,5 0,05
w 6,25 17,5 0,5 0,05
w 6,25 16,5 0,5 0,05
w 6 15,5 1 0,1
w 7 15,5 1 0,1
w 6,75 17,5 0,5 0,05
w 6,75 16,5 0,5 0,05
w 7,25 17,5 0,5 0,05
w 7,25 16,5 0,5 0,05
w 7 19,5 1 0,1
w 8,5 19 0,1 1
w 8 19,5 1 0,1
w 8,5 18 0,1 1
w 8,5 17 0,1 1
w 7,75 17,5 0,5 0,05
w 7,75 16,5 0,5 0,05
w 8,25 17,5 0,5 0,05
w 8,25 16,5 0,5 0,05
w 8,5 16 0,1 1
w 8 15,5 1 0,1
b 7
w 16,5 34 0,1 1
w 17 34,5 1 0,1
w 16,5 34,25 0,05 0,5
w 16,5 33,75 0,05 0,5
w 17,5 34,25 0,05 0,5
w 17,5 33,75 0,05 0,5
w 16,5 33 0,1 1
w 16,5 33,25 0,05 0,5
w 16,5 32,75 0,05 0,5
w 17,5 33,25 0,05 0,5
w 17,5 32,75 0,05 0,5
w 16,5 32 0,1 1
w 16,5 32,25 0,05 0,5
w 16,5 31,75 0,05 0,5
w 17,5 32,25 0,05 0,5
w 17,5 31,75 0,05 0,5
w 16,5 31 0,1 1
w 17 30,5 1 0,1
w 16,5 31,25 0,05 0,5
w 16,5 30,75 0,05 0,5
w 17,5 31,25 0,05 0,5
w 17,5 30,75 0,05 0,5
w 18,5 31 0,1 1
w 18 30,5 1 0,1
w 18,5 32 0,1 1
w 18,5 33 0,1 1
w 18,5 34 0,1 1
w 18 34,5 1 0,1
b 8
w 4,5 31 0,1 1
w 5 30,5 1 0,1
w 4,5 32 0,1 1
w 4,75 32,5 0,5 0,05
w 4,75 31,5 0,5 0,05
w 5,25 32,5 0,5 0,05
w 5,25 31,5 0,5 0,05
w 4,5 33 0,1 1
w 4,5 34 0,1 1
w 5 34,5 1 0,1
w 6 34,5 1 0,1
w 5,75 32,5 0,5 0,05
w 5,75 31,5 0,5 0,05
w 6,25 32,5 0,5 0,05
w 6,25 31,5 0,5 0,05
w 6 30,5 1 0,1
w 7 30,5 1 0,1
w 6,75 32,5 0,5 0,05
w 6,75 31,5 0,5 0,05
w 7,25 32,5 0,5 0,05
w 7,25 31,5 0,5 0,05
w 7 34,5 1 0,1
w 8,5 34 0,1 1
w 8 34,5 1 0,1
w 8,5 33 0,1 1
w 8,5 32 0,1 1
w 7,75 32,5 0,5 0,05
w 7,75 31,5 0,5 0,05
w 8,25 32,5 0,5 0,05
w 8,25 31,5 0,5 0,05
w 8,5 31 0,1 1
w 8 30,5 1 0,1
b 9
w 19,5 4 0,1 1
w 20 4,5 1 0,1
w 19,5 3 0,1 1
w 19,5 2 0,1 1
w 19,5 1 0,1 1
w 19,5 0 0,1 1
w 20 -0,5 1 0,1
w 21 -0,5 1 0,1
w 20,5 0,25 0,05 0,5
w 20,5 -0,25 0,05 0,5
w 21,5 0,25 0,05 0,5
w 21,5 -0,25 0,05 0,5
w 20,5 1,25 0,05 0,5
w 20,5 0,75 0,05 0,5
w 21,5 1,25 0,05 0,5
w 21,5 0,75 0,05 0,5
w 20,5 2,25 0,05 0,5
w 20,5 1,75 0,05 0,5
w 21,5 2,25 0,05 0,5
w 21,5 1,75 0,05 0,5
w 20,5 3,25 0,05 0,5
w 20,5 2,75 0,05 0,5
w 21,5 3,25 0,05 0,5
w 21,5 2,75 0,05 0,5
w 21 4,5 1 0,1
w 20,5 4,25 0,05 0,5
w 20,5 3,75 0,05 0,5
w 21,5 4,25 0,05 0,5
w 21,5 3,75 0,05 0,5
w 22 4,5 1 0,1
w 22 -0,5 1 0,1
w 23,5 0 0,1 1
w 23 -0,5 1 0,1
w 23,5 1 0,1 1
w 23,5 2 0,1 1
w 23,5 3 0,1 1
w 23,5 4 0,1 1
w 23 4,5 1 0,1
b 10
w 14,5 26 0,1 1
w 15 25,5 1 0,1
w 14,5 27 0,1 1
w 14,75 27,5 0,5 0,05
w 14,75 26,5 0,5 0,05
w 15,25 27,5 0,5 0,05
w 15,25 26,5 0,5 0,05
w 14,5 28 0,1 1
w 14,5 29 0,1 1
w 15 29,5 1 0,1
w 16 29,5 1 0,1
w 16,5 29,25 0,05 0,5
w 16,5 28,75 0,05 0,5
w 16,5 28,25 0,05 0,5
w 16,5 27,75 0,05 0,5
w 15,75 27,5 0,5 0,05
w 15,75 26,5 0,5 0,05
w 16,25 27,5 0,5 0,05
w 16,25 26,5 0,5 0,05
w 16 25,5 1 0,1
w 16,5 26,25 0,05 0,5
w 16,5 25,75 0,05 0,5
w 17 25,5 1 0,1
w 16,75 27,5 0,5 0,05
w 16,75 26,5 0,5 0,05
w 17,25 27,5 0,5 0,05
w 17,25 26,5 0,5 0,05
w 17 29,5 1 0,1
w 18,5 29 0,1 1
w 18 29,5 1 0,1
w 18,5 28 0,1 1
w 18,5 27 0,1 1
w 17,75 27,5 0,5 0,05
w 17,75 26,5 0,5 0,05
w 18,25 27,5 0,5 0,05
w 18,25 26,5 0,5 0,05
w 18,5 26 0,1 1
w 18 25,5 1 0,1
b 11
w 14,5 36 0,1 1
w 15 35,5 1 0,1
w 14,5 37 0,1 1
w 14,75 37,5 0,5 0,05
w 14,75 36,5 0,5 0,05
w 15,25 37,5 0,5 0,05
w 15,25 36,5 0,5 0,05
w 14,5 38 0,1 1
w 14,5 39 0,1 1
w 15 39,5 1 0,1
w 16 39,5 1 0,1
w 15,75 37,5 0,5 0,05
w 15,75 36,5 0,5 0,05
w 16,25 37,5 0,5 0,05
w 16,25 36,5 0,5 0,05
w 16 35,5 1 0,1
w 17 35,5 1 0,1
w 16,75 37,5 0,5 0,05
w 16,75 36,5 0,5 0,05
w 17,25 37,5 0,5 0,05
w 17,25 36,5 0,5 0,05
w 17 39,5 1 0,1
w 18,5 39 0,1 1
w 18 39,5 1 0,1
w 18,5 38 0,1 1
w 18,5 37 0,1 1
w 17,75 37,5 0,5 0,05
w 17,75 36,5 0,5 0,05
w 18,25 37,5 0,5 0,05
w 18,25 36,5 0,5 0,05
w 18,5 36 0,1 1
w 18 35,5 1 0,1
b 12
w 33,5 34 0,1 1
w 32,5 34 0,1 1
w 33 34,5 1 0,1
w 32,5 34,25 0,05 0,5
w 32,5 33,75 0,05 0,5
w 33,5 34,25 0,05 0,5
w 33,5 33,75 0,05 0,5
w 33,5 33 0,1 1
w 32,5 33 0,1 1
w 32,5 33,25 0,05 0,5
w 32,5 32,75 0,05 0,5
w 33,5 33,25 0,05 0,5
w 33,5 32,75 0,05 0,5
w 33,5 32 0,1 1
w 32,5 32 0,1 1
w 32,5 32,25 0,05 0,5
w 32,5 31,75 0,05 0,5
w 33,5 32,25 0,05 0,5
w 33,5 31,75 0,05 0,5
w 33,5 31 0,1 1
w 32,5 31 0,1 1
w 32,5 31,25 0,05 0,5
w 32,5 30,75 0,05 0,5
w 33,5 31,25 0,05 0,5
w 33,5 30,75 0,05 0,5
w 33,5 30 0,1 1
w 32,5 30 0,1 1
w 33 29,5 1 0,1
w 32,5 30,25 0,05 0,5
w 32,5 29,75 0,05 0,5
w 33,5 30,25 0,05 0,5
w 33,5 29,75 0,05 0,5
b 13
w 19,5 36 0,1 1
w 20 35,5 1 0,1
w 19,5 37 0,1 1
w 19,75 37,5 0,5 0,05
w 19,75 36,5 0,5 0,05
w 20,25 37,5 0,5 0,05
w 20,25 36,5 0,5 0,05
w 19,5 38 0,1 1
w 19,5 39 0,1 1
w 20 39,5 1 0,1
w 21 39,5 1 0,1
w 20,75 37,5 0,5 0,05
w 20,75 36,5 0,5 0,05
w 21,25 37,5 0,5 0,05
w 21,25 36,5 0,5 0,05
w 21 35,5 1 0,1
w 22 35,5 1 0,1
w 21,75 37,5 0,5 0,05
w 21,75 36,5 0,5 0,05
w 22,25 37,5 0,5 0,05
w 22,25 36,5 0,5 0,05
w 22 39,5 1 0,1
w 23,5 39 0,1 1
w 23 39,5 1 0,1
w 23,5 38 0,1 1
w 23,5 37 0,1 1
w 22,75 37,5 0,5 0,05
w 22,75 36,5 0,5 0,05
w 23,25 37,5 0,5 0,05
w 23,25 36,5 0,5 0,05
w 23,5 36 0,1 1
w 23 35,5 1 0,1
b 14
w 29,5 4 0,1 1
w 30 4,5 1 0,1
w 29,5 3 0,1 1
w 29,5 2 0,1 1
w 29,5 1 0,1 1
w 29,75 1,5 0,5 0,05
w 30,25 1,5 0,5 0,05
w 29,5 0 0,1 1
w 30 -0,5 1 0,1
w 31 -0,5 1 0,1
w 30,5 0,25 0,05 0,5
w 30,5 -0,25 0,05 0,5
w 31,5 0,25 0,05 0,5
w 31,5 -0,25 0,05 0,5
w 30,5 1,25 0,05 0,5
w 30,5 0,75 0,05 0,5
w 31,5 1,25 0,05 0,5
w 31,5 0,75 0,05 0,5
w 30,5 2,25 0,05 0,5
w 30,5 1,75 0,05 0,5
w 31,5 2,25 0,05 0,5
w 31,5 1,75 0,05 0,5
w 30,5 3,25 0,05 0,5
w 30,5 2,75 0,05 0,5
w 31,5 3,25 0,05 0,5
w 31,5 2,75 0,05 0,5
w 31 4,5 1 0,1
w 30,5 4,25 0,05 0,5
w 30,5 3,75 0,05 0,5
w 31,5 4,25 0,05 0,5
w 31,5 3,75 0,05 0,5
w 32 4,5 1 0,1
w 31,75 1,5 0,5 0,05
w 32,25 1,5 0,5 0,05
w 32 -0,5 1 0,1
w 33,5 0 0,1 1
w 33 -0,5 1 0,1
w 33,5 1 0,1 1
w 32,75 1,5 0,5 0,05
w 33,25 1,5 0,5 0,05
w 33,5 2 0,1 1
w 33,5 3 0,1 1
w 33,5 4 0,1 1
w 33 4,5 1 0,1
b 15
w 24,5 36 0,1 1
w 25 35,5 1 0,1
w 24,5 37 0,1 1
w 24,75 37,5 0,5 0,05
w 24,75 36,5 0,5 0,05
w 25,25 37,5 0,5 0,05
w 25,25 36,5 0,5 0,05
w 24,5 38 0,1 1
w 24,5 39 0,1 1
w 25 39,5 1 0,1
w 26 39,5 1 0,1
w 25,75 37,5 0,5 0,05
w 25,75 36,5 0,5 0,05
w 26,25 37,5 0,5 0,05
w 26,25 36,5 0,5 0,05
w 26 35,5 1 0,1
w 27 35,5 1 0,1
w 26,75 37,5 0,5 0,05
w 26,75 36,5 0,5 0,05
w 27,25 37,5 0,5 0,05
w 27,25 36,5 0,5 0,05
w 27 39,5 1 0,1
w 28,5 39 0,1 1
w 28 39,5 1 0,1
w 28,5 38 0,1 1
w 28,5 37 0,1 1
w 27,75 37,5 0,5 0,05
w 27,75 36,5 0,5 0,05
w 28,25 37,5 0,5 0,05
w 28,25 36,5 0,5 0,05
w 28,5 36 0,1 1
w 28 35,5 1 0,1
b 16
w 34,5 11 0,1 1
w 35 10,5 1 0,1
w 34,5 12 0,1 1
w 34,75 12,5 0,5 0,05
w 34,75 11,5 0,5 0,05
w 35,25 12,5 0,5 0,05
w 35,25 11,5 0,5 0,05
w 34,5 13 0,1 1
w 34,5 14 0,1 1
w 35 14,5 1 0,1
w 36 14,5 1 0,1
w 36,5 14,25 0,05 0,5
w 36,5 13,75 0,05 0,5
w 36,5 13,25 0,05 0,5
w 36,5 12,75 0,05 0,5
w 35,75 12,5 0,5 0,05
w 35,75 11,5 0,5 0,05
w 36,25 12,5 0,5 0,05
w 36,25 11,5 0,5 0,05
w 36 10,5 1 0,1
w 36,5 11,25 0,05 0,5
w 36,5 10,75 0,05 0,5
w 37 10,5 1 0,1
w 36,75 12,5 0,5 0,05
w 36,75 11,5 0,5 0,05
w 37,25 12,5 0,5 0,05
w 37,25 11,5 0,5 0,05
w 37 14,5 1 0,1
w 38 14,5 1 0,1
w 37,75 12,5 0,5 0,05
w 37,75 11,5 0,5 0,05
w 38,25 12,5 0,5 0,05
w 38,25 11,5 0,5 0,05
w 38 10,5 1 0,1
w 39,5 11 0,1 1
w 39 10,5 1 0,1
w 39,5 12 0,1 1
w 38,75 12,5 0,5 0,05
w 38,75 11,5 0,5 0,05
w 39,25 12,5 0,5 0,05
w 39,25 11,5 0,5 0,05
w 39,5 13 0,1 1
w 39,5 14 0,1 1
w 39 14,5 1 0,1
b 17
w 29,5 36 0,1 1
w 30 35,5 1 0,1
w 29,5 37 0,1 1
w 29,75 37,5 0,5 0,05
w 29,75 36,5 0,5 0,05
w 30,25 37,5 0,5 0,05
w 30,25 36,5 0,5 0,05
w 29,5 38 0,1 1
w 29,5 39 0,1 1
w 30 39,5 1 0,1
w 31 39,5 1 0,1
w 30,75 37,5 0,5 0,05
w 30,75 36,5 0,5 0,05
w 31,25 37,5 0,5 0,05
w 31,25 36,5 0,5 0,05
w 31 35,5 1 0,1
w 32 35,5 1 0,1
w 31,75 37,5 0,5 0,05
w 31,75 36,5 0,5 0,05
w 32,25 37,5 0,5 0,05
w 32,25 36,5 0,5 0,05
w 32 39,5 1 0,1
w 33,5 39 0,1 1
w 33 39,5 1 0,1
w 33,5 38 0,1 1
w 33,5 37 0,1 1
w 32,75 37,5 0,5 0,05
w 32,75 36,5 0,5 0,05
w 33,25 37,5 0,5 0,05
w 33,25 36,5 0,5 0,05
w 33,5 36 0,1 1
w 33 35,5 1 0,1
b 18
w 34,5 0 0,1 1
w 35 -0,5 1 0,1
w 34,5 1 0,1 1
w 34,5 2 0,1 1
w 34,75 2,5 0,5 0,05
w 34,75 1,5 0,5 0,05
w 35,25 2,5 0,5 0,05
w 35,25 1,5 0,5 0,05
w 34,5 3 0,1 1
w 34,5 4 0,1 1
w 35 4,5 1 0,1
w 36 4,5 1 0,1
w 36,5 4,25 0,05 0,5
w 36,5 3,75 0,05 0,5
w 36,5 3,25 0,05 0,5
w 36,5 2,75 0,05 0,5
w 35,75 2,5 0,5 0,05
w 35,75 1,5 0,5 0,05
w 36,25 2,5 0,5 0,05
w 36,25 1,5 0,5 0,05
w 36,5 1,25 0,05 0,5
w 36,5 0,75 0,05 0,5
w 36 -0,5 1 0,1
w 36,5 0,25 0,05 0,5
w 36,5 -0,25 0,05 0,5
w 37 -0,5 1 0,1
w 36,75 2,5 0,5 0,05
w 36,75 1,5 0,5 0,05
w 37,25 2,5 0,5 0,05
w 37,25 1,5 0,5 0,05
w 37 4,5 1 0,1
w 38 4,5 1 0,1
w 37,75 2,5 0,5 0,05
w 37,75 1,5 0,5 0,05
w 38,25 2,5 0,5 0,05
w 38,25 1,5 0,5 0,05
w 38 -0,5 1 0,1
w 39,5 0 0,1 1
w 39 -0,5 1 0,1
w 39,5 1 0,1 1
w 39,5 2 0,1 1
w 38,75 2,5 0,5 0,05
w 38,75 1,5 0,5 0,05
w 39,25 2,5 0,5 0,05
w 39,25 1,5 0,5 0,05
w 39,5 3 0,1 1
w 39,5 4 0,1 1
w 39 4,5 1 0,1
b 19
w 34,5 16 0,1 1
w 35 15,5 1 0,1
w 34,5 17 0,1 1
w 34,75 17,5 0,5 0,05
w 34,75 16,5 0,5 0,05
w 35,25 17,5 0,5 0,05
w 35,25 16,5 0,5 0,05
w 34,5 18 0,1 1
w 34,5 19 0,1 1
w 35 19,5 1 0,1
w 36 19,5 1 0,1
w 35,75 17,5 0,5 0,05
w 35,75 16,5 0,5 0,05
w 36,25 17,5 0,5 0,05
w 36,25 16,5 0,5 0,05
w 36 15,5 1 0,1
w 37 15,5 1 0,1
w 36,75 17,5 0,5 0,05
w 36,75 16,5 0,5 0,05
w 37,25 17,5 0,5 0,05
w 37,25 16,5 0,5 0,05
w 37 19,5 1 0,1
w 38 19,5 1 0,1
w 37,75 17,5 0,5 0,05
w 37,75 16,5 0,5 0,05
w 38,25 17,5 0,5 0,05
w 38,25 16,5 0,5 0,05
w 38 15,5 1 0,1
w 39,5 16 0,1 1
w 39 15,5 1 0,1
w 39,5 17 0,1 1
w 38,75 17,5 0,5 0,05
w 38,75 16,5 0,5 0,05
w 39,25 17,5 0,5 0,05
w 39,25 16,5 0,5 0,05
w 39,5 18 0,1 1
w 39,5 19 0,1 1
w 39 19,5 1 0,1
b 20
w 34,5 31 0,1 1
w 35 30,5 1 0,1
w 34,5 32 0,1 1
w 34,75 32,5 0,5 0,05
w 34,75 31,5 0,5 0,05
w 35,25 32,5 0,5 0,05
w 35,25 31,5 0,5 0,05
w 34,5 33 0,1 1
w 34,5 34 0,1 1
w 35 34,5 1 0,1
w 36 34,5 1 0,1
w 35,75 32,5 0,5 0,05
w 35,75 31,5 0,5 0,05
w 36,25 32,5 0,5 0,05
w 36,25 31,5 0,5 0,05
w 36 30,5 1 0,1
w 37 30,5 1 0,1
w 36,75 32,5 0,5 0,05
w 36,75 31,5 0,5 0,05
w 37,25 32,5 0,5 0,05
w 37,25 31,5 0,5 0,05
w 37 34,5 1 0,1
w 38 34,5 1 0,1
w 37,75 32,5 0,5 0,05
w 37,75 31,5 0,5 0,05
w 38,25 32,5 0,5 0,05
w 38,25 31,5 0,5 0,05
w 38 30,5 1 0,1
w 39,5 31 0,1 1
w 39 30,5 1 0,1
w 39,5 32 0,1 1
w 38,75 32,5 0,5 0,05
w 38,75 31,5 0,5 0,05
w 39,25 32,5 0,5 0,05
w 39,25 31,5 0,5 0,05
w 39,5 33 0,1 1
w 39,5 34 0,1 1
w 39 34,5 1 0,1
b 21
w 34,5 36 0,1 1
w 35 35,5 1 0,1
w 34,5 37 0,1 1
w 34,75 37,5 0,5 0,05
w 34,75 36,5 0,5 0,05
w 35,25 37,5 0,5 0,05
w 35,25 36,5 0,5 0,05
w 34,5 38 0,1 1
w 34,5 39 0,1 1
w 35 39,5 1 0,1
w 36 39,5 1 0,1
w 35,75 37,5 0,5 0,05
w 35,75 36,5 0,5 0,05
w 36,25 37,5 0,5 0,05
w 36,25 36,5 0,5 0,05
w 36 35,5 1 0,1
w 37 35,5 1 0,1
w 36,75 37,5 0,5 0,05
w 36,75 36,5 0,5 0,05
w 37,25 37,5 0,5 0,05
w 37,25 36,5 0,5 0,05
w 37 39,5 1 0,1
w 38 39,5 1 0,1
w 37,75 37,5 0,5 0,05
w 37,75 36,5 0,5 0,05
w 38,25 37,5 0,5 0,05
w 38,25 36,5 0,5 0,05
w 38 35,5 1 0,1
w 39,5 36 0,1 1
w 39 35,5 1 0,1
w 39,5 37 0,1 1
w 38,75 37,5 0,5 0,05
w 38,75 36,5 0,5 0,05
w 39,25 37,5 0,5 0,05
w 39,25 36,5 0,5 0,05
w 39,5 38 0,1 1
w 39,5 39 0,1 1
w 39 39,5 1 0,1
b 22
w -0,5 16 0,1 1
w 0 15,5 1 0,1
w -0,5 17 0,1 1
w -0,25 17,5 0,5 0,05
w -0,25 16,5 0,5 0,05
w 0,25 17,5 0,5 0,05
w 0,25 16,5 0,5 0,05
w -0,5 18 0,1 1
w -0,5 19 0,1 1
w 0 19,5 1 0,1
w 1 19,5 1 0,1
w 0,75 17,5 0,5 0,05
w 0,75 16,5 0,5 0,05
w 1,25 17,5 0,5 0,05
w 1,25 16,5 0,5 0,05
w 1 15,5 1 0,1
w 2 15,5 1 0,1
w 1,75 17,5 0,5 0,05
w 1,75 16,5 0,5 0,05
w 2,25 17,5 0,5 0,05
w 2,25 16,5 0,5 0,05
w 2 19,5 1 0,1
w 3,5 19 0,1 1
w 3 19,5 1 0,1
w 3,5 18 0,1 1
w 3,5 17 0,1 1
w 2,75 17,5 0,5 0,05
w 2,75 16,5 0,5 0,05
w 3,25 17,5 0,5 0,05
w 3,25 16,5 0,5 0,05
w 3,5 16 0,1 1
w 3 15,5 1 0,1
b 23
w -0,5 20 0,1 1
w 0 19,5 1 0,1
w -0,5 21 0,1 1
w -0,5 22 0,1 1
w -0,25 22,5 0,5 0,05
w 0,25 22,5 0,5 0,05
w -0,5 23 0,1 1
w -0,5 24 0,1 1
w 0 24,5 1 0,1
w 1 24,5 1 0,1
w 0,5 24,25 0,05 0,5
w 0,5 23,75 0,05 0,5
w 1,5 24,25 0,05 0,5
w 1,5 23,75 0,05 0,5
w 0,5 23,25 0,05 0,5
w 0,5 22,75 0,05 0,5
w 1,5 23,25 0,05 0,5
w 1,5 22,75 0,05 0,5
w 0,5 22,25 0,05 0,5
w 0,5 21,75 0,05 0,5
w 1,5 22,25 0,05 0,5
w 1,5 21,75 0,05 0,5
w 0,5 21,25 0,05 0,5
w 0,5 20,75 0,05 0,5
w 1,5 21,25 0,05 0,5
w 1,5 20,75 0,05 0,5
w 1 19,5 1 0,1
w 0,5 20,25 0,05 0,5
w 0,5 19,75 0,05 0,5
w 1,5 20,25 0,05 0,5
w 1,5 19,75 0,05 0,5
w 2 19,5 1 0,1
w 1,75 22,5 0,5 0,05
w 2,25 22,5 0,5 0,05
w 2 24,5 1 0,1
w 3,5 24 0,1 1
w 3 24,5 1 0,1
w 3,5 23 0,1 1
w 3,5 22 0,1 1
w 2,75 22,5 0,5 0,05
w 3,25 22,5 0,5 0,05
w 3,5 21 0,1 1
w 3,5 20 0,1 1
w 3 19,5 1 0,1
b 24
w -0,5 36 0,1 1
w 0 35,5 1 0,1
w -0,5 37 0,1 1
w -0,25 37,5 0,5 0,05
w -0,25 36,5 0,5 0,05
w 0,25 37,5 0,5 0,05
w 0,25 36,5 0,5 0,05
w -0,5 38 0,1 1
w -0,5 39 0,1 1
w 0 39,5 1 0,1
w 1 39,5 1 0,1
w 0,75 37,5 0,5 0,05
w 0,75 36,5 0,5 0,05
w 1,25 37,5 0,5 0,05
w 1,25 36,5 0,5 0,05
w 1 35,5 1 0,1
w 2 35,5 1 0,1
w 2,5 36,25 0,05 0,5
w 2,5 35,75 0,05 0,5
w 1,75 37,5 0,5 0,05
w 1,75 36,5 0,5 0,05
w 2,25 37,5 0,5 0,05
w 2,25 36,5 0,5 0,05
w 2,5 38,25 0,05 0,5
w 2,5 37,75 0,05 0,5
w 2 39,5 1 0,1
w 2,5 39,25 0,05 0,5
w 2,5 38,75 0,05 0,5
w 3 39,5 1 0,1
w 2,75 37,5 0,5 0,05
w 2,75 36,5 0,5 0,05
w 3,25 37,5 0,5 0,05
w 3,25 36,5 0,5 0,05
w 3 35,5 1 0,1
w 4 35,5 1 0,1
w 3,75 37,5 0,5 0,05
w 3,75 36,5 0,5 0,05
w 4,25 37,5 0,5 0,05
w 4,25 36,5 0,5 0,05
w 4 39,5 1 0,1
w 5,5 39 0,1 1
w 5 39,5 1 0,1
w 5,5 38 0,1 1
w 5,5 37 0,1 1
w 4,75 37,5 0,5 0,05
w 4,75 36,5 0,5 0,05
w 5,25 37,5 0,5 0,05
w 5,25 36,5 0,5 0,05
w 5,5 36 0,1 1
w 5 35,5 1 0,1
b 25
w 4,5 5 0,1 1
w 5 4,5 1 0,1
w 4,5 6 0,1 1
w 4,75 6,5 0,5 0,05
w 4,75 5,5 0,5 0,05
w 5,25 6,5 0,5 0,05
w 5,25 5,5 0,5 0,05
w 4,5 7 0,1 1
w 4,5 8 0,1 1
w 5 8,5 1 0,1
w 6 8,5 1 0,1
w 5,75 6,5 0,5 0,05
w 5,75 5,5 0,5 0,05
w 6,25 6,5 0,5 0,05
w 6,25 5,5 0,5 0,05
w 6 4,5 1 0,1
w 7 4,5 1 0,1
w 6,75 6,5 0,5 0,05
w 6,75 5,5 0,5 0,05
w 7,25 6,5 0,5 0,05
w 7,25 5,5 0,5 0,05
w 7 8,5 1 0,1
w 8,5 8 0,1 1
w 8 8,5 1 0,1
w 8,5 7 0,1 1
w 8,5 6 0,1 1
w 7,75 6,5 0,5 0,05
w 7,75 5,5 0,5 0,05
w 8,25 6,5 0,5 0,05
w 8,25 5,5 0,5 0,05
w 8,5 5 0,1 1
w 8 4,5 1 0,1
b 26
w 9,5 29 0,1 1
w 10 28,5 1 0,1
w 9,5 30 0,1 1
w 9,5 31 0,1 1
w 9,75 31,5 0,5 0,05
w 9,75 30,5 0,5 0,05
w 10,25 31,5 0,5 0,05
w 10,25 30,5 0,5 0,05
w 9,5 32 0,1 1
w 9,5 33 0,1 1
w 9,5 34 0,1 1
w 10 34,5 1 0,1
w 11 34,5 1 0,1
w 10,75 31,5 0,5 0,05
w 10,75 30,5 0,5 0,05
w 11,25 31,5 0,5 0,05
w 11,25 30,5 0,5 0,05
w 11 28,5 1 0,1
w 12 28,5 1 0,1
w 11,75 31,5 0,5 0,05
w 11,75 30,5 0,5 0,05
w 12,25 31,5 0,5 0,05
w 12,25 30,5 0,5 0,05
w 12 34,5 1 0,1
w 13 34,5 1 0,1
w 12,75 31,5 0,5 0,05
w 12,75 30,5 0,5 0,05
w 13,25 31,5 0,5 0,05
w 13,25 30,5 0,5 0,05
w 13,5 30 0,1 1
w 13,5 29 0,1 1
w 13 28,5 1 0,1
w 14 30,5 1 0,1
w 13,75 31,5 0,5 0,05
w 13,75 30,5 0,5 0,05
w 14,25 31,5 0,5 0,05
w 14,25 30,5 0,5 0,05
w 14,5 32,25 0,05 0,5
w 14,5 31,75 0,05 0,5
w 14,5 33,25 0,05 0,5
w 14,5 32,75 0,05 0,5
w 14 34,5 1 0,1
w 14,5 34,25 0,05 0,5
w 14,5 33,75 0,05 0,5
w 15 34,5 1 0,1
w 15 30,5 1 0,1
w 14,75 31,5 0,5 0,05
w 14,75 30,5 0,5 0,05
w 15,25 31,5 0,5 0,05
w 15,25 30,5 0,5 0,05
w 16,5 31 0,1 1
w 16 30,5 1 0,1
w 15,75 31,5 0,5 0,05
w 15,75 30,5 0,5 0,05
w 16,25 31,5 0,5 0,05
w 16,25 30,5 0,5 0,05
w 16,5 32 0,1 1
w 16,5 33 0,1 1
w 16,5 34 0,1 1
w 16 34,5 1 0,1
b 27
w 16,5 20 0,1 1
w 17 20,5 1 0,1
w 16,5 20,25 0,05 0,5
w 16,5 19,75 0,05 0,5
w 17,5 20,25 0,05 0,5
w 17,5 19,75 0,05 0,5
w 16,5 16 0,1 1
w 17 15,5 1 0,1
w 16,5 16,25 0,05 0,5
w 16,5 15,75 0,05 0,5
w 17,5 16,25 0,05 0,5
w 17,5 15,75 0,05 0,5
w 16,5 17 0,1 1
w 16,5 17,25 0,05 0,5
w 16,5 16,75 0,05 0,5
w 17,5 17,25 0,05 0,5
w 17,5 16,75 0,05 0,5
w 16,5 18 0,1 1
w 16,5 18,25 0,05 0,5
w 16,5 17,75 0,05 0,5
w 17,5 18,25 0,05 0,5
w 17,5 17,75 0,05 0,5
w 16,5 19 0,1 1
w 16,5 19,25 0,05 0,5
w 16,5 18,75 0,05 0,5
w 17,5 19,25 0,05 0,5
w 17,5 18,75 0,05 0,5
w 18,5 19 0,1 1
w 18,5 18 0,1 1
w 18,5 17 0,1 1
w 17,75 17,5 0,5 0,05
w 18,25 17,5 0,5 0,05
w 18,5 16 0,1 1
w 18 15,5 1 0,1
w 18,5 20 0,1 1
w 18 20,5 1 0,1
b 28
w 16,5 24 0,1 1
w 17 24,5 1 0,1
w 16,5 24,25 0,05 0,5
w 16,5 23,75 0,05 0,5
w 17,5 24,25 0,05 0,5
w 17,5 23,75 0,05 0,5
w 16,5 23 0,1 1
w 16,5 23,25 0,05 0,5
w 16,5 22,75 0,05 0,5
w 17,5 23,25 0,05 0,5
w 17,5 22,75 0,05 0,5
w 16,5 22 0,1 1
w 16,5 22,25 0,05 0,5
w 16,5 21,75 0,05 0,5
w 17,5 22,25 0,05 0,5
w 17,5 21,75 0,05 0,5
w 16,5 21 0,1 1
w 17 20,5 1 0,1
w 16,5 21,25 0,05 0,5
w 16,5 20,75 0,05 0,5
w 17,5 21,25 0,05 0,5
w 17,5 20,75 0,05 0,5
w 18,5 21 0,1 1
w 18 20,5 1 0,1
w 18,5 22 0,1 1
w 18,5 23 0,1 1
w 18,5 24 0,1 1
w 18 24,5 1 0,1
b 29
w 14,5 0 0,1 1
w 15 -0,5 1 0,1
w 14,5 1 0,1 1
w 14,5 2 0,1 1
w 14,75 2,5 0,5 0,05
w 14,75 1,5 0,5 0,05
w 15,25 2,5 0,5 0,05
w 15,25 1,5 0,5 0,05
w 14,5 3 0,1 1
w 14,5 4 0,1 1
w 15 4,5 1 0,1
w 16 4,5 1 0,1
w 15,75 2,5 0,5 0,05
w 15,75 1,5 0,5 0,05
w 16,25 2,5 0,5 0,05
w 16,25 1,5 0,5 0,05
w 16 -0,5 1 0,1
w 17 -0,5 1 0,1
w 16,75 2,5 0,5 0,05
w 16,75 1,5 0,5 0,05
w 17,25 2,5 0,5 0,05
w 17,25 1,5 0,5 0,05
w 17 4,5 1 0,1
w 18 4,5 1 0,1
w 17,75 2,5 0,5 0,05
w 17,75 1,5 0,5 0,05
w 18,25 2,5 0,5 0,05
w 18,25 1,5 0,5 0,05
w 18 -0,5 1 0,1
w 19,5 0 0,1 1
w 19 -0,5 1 0,1
w 19,5 1 0,1 1
w 19,5 2 0,1 1
w 18,75 2,5 0,5 0,05
w 18,75 1,5 0,5 0,05
w 19,25 2,5 0,5 0,05
w 19,25 1,5 0,5 0,05
w 19,5 3 0,1 1
w 19,5 4 0,1 1
w 19 4,5 1 0,1
b 30
w 19,5 31 0,1 1
w 20 30,5 1 0,1
w 19,5 32 0,1 1
w 19,75 32,5 0,5 0,05
w 19,75 31,5 0,5 0,05
w 20,25 32,5 0,5 0,05
w 20,25 31,5 0,5 0,05
w 19,5 33 0,1 1
w 19,5 34 0,1 1
w 20 34,5 1 0,1
w 21 34,5 1 0,1
w 20,75 32,5 0,5 0,05
w 20,75 31,5 0,5 0,05
w 21,25 32,5 0,5 0,05
w 21,25 31,5 0,5 0,05
w 21 30,5 1 0,1
w 22 30,5 1 0,1
w 22,5 31,25 0,05 0,5
w 22,5 30,75 0,05 0,5
w 21,75 32,5 0,5 0,05
w 21,75 31,5 0,5 0,05
w 22,25 32,5 0,5 0,05
w 22,25 31,5 0,5 0,05
w 22,5 33,25 0,05 0,5
w 22,5 32,75 0,05 0,5
w 22 34,5 1 0,1
w 22,5 34,25 0,05 0,5
w 22,5 33,75 0,05 0,5
w 23 34,5 1 0,1
w 23,5 34,25 0,05 0,5
w 23,5 33,75 0,05 0,5
w 23,5 33,25 0,05 0,5
w 23,5 32,75 0,05 0,5
w 22,75 32,5 0,5 0,05
w 22,75 31,5 0,5 0,05
w 23,25 32,5 0,5 0,05
w 23,25 31,5 0,5 0,05
w 23 30,5 1 0,1
w 23,5 31,25 0,05 0,5
w 23,5 30,75 0,05 0,5
w 24 30,5 1 0,1
w 23,75 32,5 0,5 0,05
w 23,75 31,5 0,5 0,05
w 24,25 32,5 0,5 0,05
w 24,25 31,5 0,5 0,05
w 24 34,5 1 0,1
w 25 34,5 1 0,1
w 24,75 32,5 0,5 0,05
w 24,75 31,5 0,5 0,05
w 25,25 32,5 0,5 0,05
w 25,25 31,5 0,5 0,05
w 25 30,5 1 0,1
w 26 30,5 1 0,1
w 25,75 32,5 0,5 0,05
w 25,75 31,5 0,5 0,05
w 26,25 32,5 0,5 0,05
w 26,25 31,5 0,5 0,05
w 26 34,5 1 0,1
w 27,5 34 0,1 1
w 27 34,5 1 0,1
w 27,5 33 0,1 1
w 27,5 32 0,1 1
w 26,75 32,5 0,5 0,05
w 26,75 31,5 0,5 0,05
w 27,25 32,5 0,5 0,05
w 27,25 31,5 0,5 0,05
w 27,5 31 0,1 1
w 27 30,5 1 0,1
b 31
w 27,5 29 0,1 1
w 28 28,5 1 0,1
w 27,5 30 0,1 1
w 27,5 31 0,1 1
w 27,5 32 0,1 1
w 27,5 33 0,1 1
w 27,5 34 0,1 1
w 28 34,5 1 0,1
w 29 34,5 1 0,1
w 29 28,5 1 0,1
w 30 28,5 1 0,1
w 29,5 29,25 0,05 0,5
w 29,5 28,75 0,05 0,5
w 30,5 29,25 0,05 0,5
w 30,5 28,75 0,05 0,5
w 29,5 30,25 0,05 0,5
w 29,5 29,75 0,05 0,5
w 30,5 30,25 0,05 0,5
w 30,5 29,75 0,05 0,5
w 29,5 31,25 0,05 0,5
w 29,5 30,75 0,05 0,5
w 30,5 31,25 0,05 0,5
w 30,5 30,75 0,05 0,5
w 29,5 32,25 0,05 0,5
w 29,5 31,75 0,05 0,5
w 30,5 32,25 0,05 0,5
w 30,5 31,75 0,05 0,5
w 29,5 33,25 0,05 0,5
w 29,5 32,75 0,05 0,5
w 30,5 33,25 0,05 0,5
w 30,5 32,75 0,05 0,5
w 30 34,5 1 0,1
w 29,5 34,25 0,05 0,5
w 29,5 33,75 0,05 0,5
w 30,5 34,25 0,05 0,5
w 30,5 33,75 0,05 0,5
w 31 34,5 1 0,1
w 31 28,5 1 0,1
w 32,5 29 0,1 1
w 32 28,5 1 0,1
w 32,5 30 0,1 1
w 32,5 31 0,1 1
w 32,5 32 0,1 1
w 32,5 33 0,1 1
w 32,5 34 0,1 1
w 32 34,5 1 0,1
b 32
w 33,5 18 0,1 1
w 32,5 18 0,1 1
w 33 18,5 1 0,1
w 32,5 18,25 0,05 0,5
w 32,5 17,75 0,05 0,5
w 33,5 18,25 0,05 0,5
w 33,5 17,75 0,05 0,5
w 33,5 17 0,1 1
w 32,5 17 0,1 1
w 32,5 17,25 0,05 0,5
w 32,5 16,75 0,05 0,5
w 33,5 17,25 0,05 0,5
w 33,5 16,75 0,05 0,5
w 33,5 16 0,1 1
w 32,5 16 0,1 1
w 32,5 16,25 0,05 0,5
w 32,5 15,75 0,05 0,5
w 33,5 16,25 0,05 0,5
w 33,5 15,75 0,05 0,5
w 33,5 15 0,1 1
w 32,5 15 0,1 1
w 32,5 15,25 0,05 0,5
w 32,5 14,75 0,05 0,5
w 33,5 15,25 0,05 0,5
w 33,5 14,75 0,05 0,5
w 33,5 14 0,1 1
w 32,5 14 0,1 1
w 32,5 14,25 0,05 0,5
w 32,5 13,75 0,05 0,5
w 33,5 14,25 0,05 0,5
w 33,5 13,75 0,05 0,5
w 33,5 13 0,1 1
w 32,5 13 0,1 1
w 32,5 13,25 0,05 0,5
w 32,5 12,75 0,05 0,5
w 33,5 13,25 0,05 0,5
w 33,5 12,75 0,05 0,5
w 33,5 12 0,1 1
w 32,5 12 0,1 1
w 32,5 12,25 0,05 0,5
w 32,5 11,75 0,05 0,5
w 33,5 12,25 0,05 0,5
w 33,5 11,75 0,05 0,5
w 33,5 11 0,1 1
w 32,5 11 0,1 1
w 33 10,5 1 0,1
w 32,5 11,25 0,05 0,5
w 32,5 10,75 0,05 0,5
w 33,5 11,25 0,05 0,5
w 33,5 10,75 0,05 0,5
b 33
w 32,5 24 0,1 1
w 33 24,5 1 0,1
w 32,5 23 0,1 1
w 32,5 22 0,1 1
w 32,5 21 0,1 1
w 32,75 21,5 0,5 0,05
w 32,75 20,5 0,5 0,05
w 33,25 21,5 0,5 0,05
w 33,25 20,5 0,5 0,05
w 33,5 20 0,1 1
w 32,5 20 0,1 1
w 33,5 19 0,1 1
w 32,5 19 0,1 1
w 33 18,5 1 0,1
w 34 20,5 1 0,1
w 33,75 21,5 0,5 0,05
w 33,75 20,5 0,5 0,05
w 34,25 21,5 0,5 0,05
w 34,25 20,5 0,5 0,05
w 34 24,5 1 0,1
w 35 24,5 1 0,1
w 35 20,5 1 0,1
w 34,75 21,5 0,5 0,05
w 34,75 20,5 0,5 0,05
w 35,25 21,5 0,5 0,05
w 35,25 20,5 0,5 0,05
w 36 20,5 1 0,1
w 35,75 21,5 0,5 0,05
w 35,75 20,5 0,5 0,05
w 36,25 21,5 0,5 0,05
w 36,25 20,5 0,5 0,05
w 36 24,5 1 0,1
w 37 24,5 1 0,1
w 37 20,5 1 0,1
w 36,75 21,5 0,5 0,05
w 36,75 20,5 0,5 0,05
w 37,25 21,5 0,5 0,05
w 37,25 20,5 0,5 0,05
w 38 20,5 1 0,1
w 37,75 21,5 0,5 0,05
w 37,75 20,5 0,5 0,05
w 38,25 21,5 0,5 0,05
w 38,25 20,5 0,5 0,05
w 38 24,5 1 0,1
w 39,5 24 0,1 1
w 39 24,5 1 0,1
w 39,5 23 0,1 1
w 39,5 22 0,1 1
w 39,5 21 0,1 1
w 39 20,5 1 0,1
w 38,75 21,5 0,5 0,05
w 38,75 20,5 0,5 0,05
w 39,25 21,5 0,5 0,05
w 39,25 20,5 0,5 0,05
b 34
w 32,5 29 0,1 1
w 33 29,5 1 0,1
w 32,5 28 0,1 1
w 32,5 27 0,1 1
w 32,75 27,5 0,5 0,05
w 32,75 26,5 0,5 0,05
w 33,25 27,5 0,5 0,05
w 33,25 26,5 0,5 0,05
w 32,5 26 0,1 1
w 32,5 25 0,1 1
w 33 24,5 1 0,1
w 34 24,5 1 0,1
w 33,75 27,5 0,5 0,05
w 33,75 26,5 0,5 0,05
w 34,25 27,5 0,5 0,05
w 34,25 26,5 0,5 0,05
w 34 29,5 1 0,1
w 35 29,5 1 0,1
w 34,75 27,5 0,5 0,05
w 34,75 26,5 0,5 0,05
w 35,25 27,5 0,5 0,05
w 35,25 26,5 0,5 0,05
w 35 24,5 1 0,1
w 36 24,5 1 0,1
w 35,75 27,5 0,5 0,05
w 35,75 26,5 0,5 0,05
w 36,25 27,5 0,5 0,05
w 36,25 26,5 0,5 0,05
w 36 29,5 1 0,1
w 37 29,5 1 0,1
w 37,5 29,25 0,05 0,5
w 37,5 28,75 0,05 0,5
w 37,5 28,25 0,05 0,5
w 37,5 27,75 0,05 0,5
w 36,75 27,5 0,5 0,05
w 36,75 26,5 0,5 0,05
w 37,25 27,5 0,5 0,05
w 37,25 26,5 0,5 0,05
w 37,5 26,25 0,05 0,5
w 37,5 25,75 0,05 0,5
w 37 24,5 1 0,1
w 37,5 25,25 0,05 0,5
w 37,5 24,75 0,05 0,5
w 38 24,5 1 0,1
w 37,75 27,5 0,5 0,05
w 37,75 26,5 0,5 0,05
w 38,25 27,5 0,5 0,05
w 38,25 26,5 0,5 0,05
w 38 29,5 1 0,1
w 39,5 29 0,1 1
w 39 29,5 1 0,1
w 39,5 28 0,1 1
w 39,5 27 0,1 1
w 38,75 27,5 0,5 0,05
w 38,75 26,5 0,5 0,05
w 39,25 27,5 0,5 0,05
w 39,25 26,5 0,5 0,05
w 39,5 26 0,1 1
w 39,5 25 0,1 1
w 39 24,5 1 0,1
b 35
w 24,5 5 0,1 1
w 25 4,5 1 0,1
w 24,5 6 0,1 1
w 24,5 7 0,1 1
w 24,5 8 0,1 1
w 24,5 9 0,1 1
w 25 9,5 1 0,1
w 26 9,5 1 0,1
w 25,5 9,25 0,05 0,5
w 25,5 8,75 0,05 0,5
w 26,5 9,25 0,05 0,5
w 26,5 8,75 0,05 0,5
w 25,5 8,25 0,05 0,5
w 25,5 7,75 0,05 0,5
w 26,5 8,25 0,05 0,5
w 26,5 7,75 0,05 0,5
w 25,5 7,25 0,05 0,5
w 25,5 6,75 0,05 0,5
w 26,5 7,25 0,05 0,5
w 26,5 6,75 0,05 0,5
w 25,5 6,25 0,05 0,5
w 25,5 5,75 0,05 0,5
w 26,5 6,25 0,05 0,5
w 26,5 5,75 0,05 0,5
w 26 4,5 1 0,1
w 25,5 5,25 0,05 0,5
w 25,5 4,75 0,05 0,5
w 26,5 5,25 0,05 0,5
w 26,5 4,75 0,05 0,5
w 27 4,5 1 0,1
w 27 9,5 1 0,1
w 28,5 9 0,1 1
w 28 9,5 1 0,1
w 28,5 8 0,1 1
w 28,5 7 0,1 1
w 28,5 6 0,1 1
w 28,5 5 0,1 1
w 28 4,5 1 0,1
b 36
w 29,5 6 0,1 1
w 30 5,5 1 0,1
w 29,5 7 0,1 1
w 29,75 7,5 0,5 0,05
w 29,75 6,5 0,5 0,05
w 30,25 7,5 0,5 0,05
w 30,25 6,5 0,5 0,05
w 29,5 8 0,1 1
w 29,5 9 0,1 1
w 30 9,5 1 0,1
w 31 9,5 1 0,1
w 30,75 7,5 0,5 0,05
w 30,75 6,5 0,5 0,05
w 31,25 7,5 0,5 0,05
w 31,25 6,5 0,5 0,05
w 31 5,5 1 0,1
w 32 5,5 1 0,1
w 31,75 7,5 0,5 0,05
w 31,75 6,5 0,5 0,05
w 32,25 7,5 0,5 0,05
w 32,25 6,5 0,5 0,05
w 32 9,5 1 0,1
w 33 9,5 1 0,1
w 32,75 7,5 0,5 0,05
w 32,75 6,5 0,5 0,05
w 33,25 7,5 0,5 0,05
w 33,25 6,5 0,5 0,05
w 33 5,5 1 0,1
w 34,5 6 0,1 1
w 34 5,5 1 0,1
w 34,5 7 0,1 1
w 33,75 7,5 0,5 0,05
w 33,75 6,5 0,5 0,05
w 34,25 7,5 0,5 0,05
w 34,25 6,5 0,5 0,05
w 34,5 8 0,1 1
w 34,5 9 0,1 1
w 34 9,5 1 0,1
b 37
w 34,5 9 0,1 1
w 34,5 10 0,1 1
w 35 10,5 1 0,1
w 36 10,5 1 0,1
w 36,5 10,25 0,05 0,5
w 36,5 9,75 0,05 0,5
w 36,5 9,25 0,05 0,5
w 36,5 8,75 0,05 0,5
w 35,75 8,5 0,5 0,05
w 35,75 7,5 0,5 0,05
w 36,25 8,5 0,5 0,05
w 36,25 7,5 0,5 0,05
w 34,5 8 0,1 1
w 34,75 8,5 0,5 0,05
w 34,75 7,5 0,5 0,05
w 35,25 8,5 0,5 0,05
w 35,25 7,5 0,5 0,05
w 34,5 7 0,1 1
w 34,5 6 0,1 1
w 35 5,5 1 0,1
w 36 5,5 1 0,1
w 36,5 6,25 0,05 0,5
w 36,5 5,75 0,05 0,5
w 36,5 7,25 0,05 0,5
w 36,5 6,75 0,05 0,5
w 37,5 7,25 0,05 0,5
w 37,5 6,75 0,05 0,5
w 36,75 8,5 0,5 0,05
w 36,75 7,5 0,5 0,05
w 37,25 8,5 0,5 0,05
w 37,25 7,5 0,5 0,05
w 37,5 9,25 0,05 0,5
w 37,5 8,75 0,05 0,5
w 37 10,5 1 0,1
w 37,5 10,25 0,05 0,5
w 37,5 9,75 0,05 0,5
w 38 10,5 1 0,1
w 37,75 8,5 0,5 0,05
w 37,75 7,5 0,5 0,05
w 38,25 8,5 0,5 0,05
w 38,25 7,5 0,5 0,05
w 38 5,5 1 0,1
w 37 5,5 1 0,1
w 37,5 6,25 0,05 0,5
w 37,5 5,75 0,05 0,5
w 39,5 6 0,1 1
w 39 5,5 1 0,1
w 39,5 7 0,1 1
w 39,5 8 0,1 1
w 38,75 8,5 0,5 0,05
w 38,75 7,5 0,5 0,05
w 39,25 8,5 0,5 0,05
w 39,25 7,5 0,5 0,05
w 39,5 9 0,1 1
w 39,5 10 0,1 1
w 39 10,5 1 0,1
b 38
w -0,5 11 0,1 1
w 0 10,5 1 0,1
w -0,5 12 0,1 1
w -0,5 13 0,1 1
w -0,5 14 0,1 1
w -0,5 15 0,1 1
w 0 15,5 1 0,1
w 1 15,5 1 0,1
w 0,5 15,25 0,05 0,5
w 0,5 14,75 0,05 0,5
w 1,5 15,25 0,05 0,5
w 1,5 14,75 0,05 0,5
w 0,5 14,25 0,05 0,5
w 0,5 13,75 0,05 0,5
w 1,5 14,25 0,05 0,5
w 1,5 13,75 0,05 0,5
w 0,5 13,25 0,05 0,5
w 0,5 12,75 0,05 0,5
w 1,5 13,25 0,05 0,5
w 1,5 12,75 0,05 0,5
w 0,5 12,25 0,05 0,5
w 0,5 11,75 0,05 0,5
w 1,5 12,25 0,05 0,5
w 1,5 11,75 0,05 0,5
w 1 10,5 1 0,1
w 0,5 11,25 0,05 0,5
w 0,5 10,75 0,05 0,5
w 1,5 11,25 0,05 0,5
w 1,5 10,75 0,05 0,5
w 2 10,5 1 0,1
w 2 15,5 1 0,1
w 3,5 15 0,1 1
w 3 15,5 1 0,1
w 3,5 14 0,1 1
w 3,5 13 0,1 1
w 3,5 12 0,1 1
w 3,5 11 0,1 1
w 3 10,5 1 0,1
b 39
w 4,5 0 0,1 1
w 5 -0,5 1 0,1
w 4,5 1 0,1 1
w 4,5 2 0,1 1
w 4,5 3 0,1 1
w 4,5 4 0,1 1
w 5 4,5 1 0,1
w 6 4,5 1 0,1
w 5,5 4,25 0,05 0,5
w 5,5 3,75 0,05 0,5
w 6,5 4,25 0,05 0,5
w 6,5 3,75 0,05 0,5
w 5,5 3,25 0,05 0,5
w 5,5 2,75 0,05 0,5
w 6,5 3,25 0,05 0,5
w 6,5 2,75 0,05 0,5
w 5,5 2,25 0,05 0,5
w 5,5 1,75 0,05 0,5
w 6,5 2,25 0,05 0,5
w 6,5 1,75 0,05 0,5
w 5,5 1,25 0,05 0,5
w 5,5 0,75 0,05 0,5
w 6,5 1,25 0,05 0,5
w 6,5 0,75 0,05 0,5
w 6 -0,5 1 0,1
w 5,5 0,25 0,05 0,5
w 5,5 -0,25 0,05 0,5
w 6,5 0,25 0,05 0,5
w 6,5 -0,25 0,05 0,5
w 7 -0,5 1 0,1
w 7 4,5 1 0,1
w 8,5 4 0,1 1
w 8 4,5 1 0,1
w 8,5 3 0,1 1
w 8,5 2 0,1 1
w 8,5 1 0,1 1
w 8,5 0 0,1 1
w 8 -0,5 1 0,1
b 40
w 4,5 26 0,1 1
w 5 25,5 1 0,1
w 4,5 27 0,1 1
w 4,75 27,5 0,5 0,05
w 4,75 26,5 0,5 0,05
w 5,25 27,5 0,5 0,05
w 5,25 26,5 0,5 0,05
w 4,5 28 0,1 1
w 4,5 29 0,1 1
w 5 29,5 1 0,1
w 6 29,5 1 0,1
w 5,75 27,5 0,5 0,05
w 5,75 26,5 0,5 0,05
w 6,25 27,5 0,5 0,05
w 6,25 26,5 0,5 0,05
w 6 25,5 1 0,1
w 7 25,5 1 0,1
w 6,75 27,5 0,5 0,05
w 6,75 26,5 0,5 0,05
w 7,25 27,5 0,5 0,05
w 7,25 26,5 0,5 0,05
w 7 29,5 1 0,1
w 8 29,5 1 0,1
w 7,75 27,5 0,5 0,05
w 7,75 26,5 0,5 0,05
w 8,25 27,5 0,5 0,05
w 8,25 26,5 0,5 0,05
w 8 25,5 1 0,1
w 9,5 26 0,1 1
w 9 25,5 1 0,1
w 9,5 27 0,1 1
w 8,75 27,5 0,5 0,05
w 8,75 26,5 0,5 0,05
w 9,25 27,5 0,5 0,05
w 9,25 26,5 0,5 0,05
w 9,5 28 0,1 1
w 9,5 29 0,1 1
w 9 29,5 1 0,1
b 41
w 14 8,5 1 0,1
w 13 8,5 1 0,1
w 13,5 8,25 0,05 0,5
w 13,5 7,75 0,05 0,5
w 12 8,5 1 0,1
w 12,5 8,25 0,05 0,5
w 12,5 7,75 0,05 0,5
w 12,5 7,25 0,05 0,5
w 12,5 6,75 0,05 0,5
w 11 8,5 1 0,1
w 9,5 8 0,1 1
w 10 8,5 1 0,1
w 9,5 7 0,1 1
w 9,5 6 0,1 1
w 9,75 6,5 0,5 0,05
w 9,75 5,5 0,5 0,05
w 10,25 6,5 0,5 0,05
w 10,25 5,5 0,5 0,05
w 9,5 5 0,1 1
w 10 4,5 1 0,1
w 11 4,5 1 0,1
w 10,75 6,5 0,5 0,05
w 10,75 5,5 0,5 0,05
w 11,25 6,5 0,5 0,05
w 11,25 5,5 0,5 0,05
w 11,75 6,5 0,5 0,05
w 11,75 5,5 0,5 0,05
w 12,25 6,5 0,5 0,05
w 12,25 5,5 0,5 0,05
w 12 4,5 1 0,1
w 12,5 5,25 0,05 0,5
w 12,5 4,75 0,05 0,5
w 13,5 5 0,1 1
w 13 4,5 1 0,1
w 13,5 5,25 0,05 0,5
w 13,5 4,75 0,05 0,5
w 12,75 6,5 0,5 0,05
w 12,75 5,5 0,5 0,05
w 13,25 6,5 0,5 0,05
w 13,25 5,5 0,5 0,05
w 13,5 7,25 0,05 0,5
w 13,5 6,75 0,05 0,5
w 14 5,5 1 0,1
w 13,75 6,5 0,5 0,05
w 13,75 5,5 0,5 0,05
w 14,25 6,5 0,5 0,05
w 14,25 5,5 0,5 0,05
w 15 5,5 1 0,1
w 14,75 6,5 0,5 0,05
w 14,75 5,5 0,5 0,05
w 15,25 6,5 0,5 0,05
w 15,25 5,5 0,5 0,05
w 15 8,5 1 0,1
w 16,5 8 0,1 1
w 16 8,5 1 0,1
w 16,5 7 0,1 1
w 16,5 6 0,1 1
w 16 5,5 1 0,1
w 15,75 6,5 0,5 0,05
w 15,75 5,5 0,5 0,05
w 16,25 6,5 0,5 0,05
w 16,25 5,5 0,5 0,05
b 42
w 11 28,5 1 0,1
w 11,5 28,25 0,05 0,5
w 11,5 27,75 0,05 0,5
w 9,5 28 0,1 1
w 10 28,5 1 0,1
w 9,5 27 0,1 1
w 9,5 26 0,1 1
w 9,75 26,5 0,5 0,05
w 9,75 25,5 0,5 0,05
w 10,25 26,5 0,5 0,05
w 10,25 25,5 0,5 0,05
w 9,5 25 0,1 1
w 9,5 24 0,1 1
w 10 23,5 1 0,1
w 11 23,5 1 0,1
w 11,5 24,25 0,05 0,5
w 11,5 23,75 0,05 0,5
w 11,5 25,25 0,05 0,5
w 11,5 24,75 0,05 0,5
w 10,75 26,5 0,5 0,05
w 10,75 25,5 0,5 0,05
w 11,25 26,5 0,5 0,05
w 11,25 25,5 0,5 0,05
w 11,5 27,25 0,05 0,5
w 11,5 26,75 0,05 0,5
w 12 28,5 1 0,1
w 13,5 28 0,1 1
w 13 28,5 1 0,1
w 13,5 27 0,1 1
w 13,5 26 0,1 1
w 12,75 26,5 0,5 0,05
w 12,75 25,5 0,5 0,05
w 13,25 26,5 0,5 0,05
w 13,25 25,5 0,5 0,05
w 13,5 25 0,1 1
w 13 23,5 1 0,1
w 12 23,5 1 0,1
w 14 24,5 1 0,1
w 14 23,5 1 0,1
w 14,5 24,25 0,05 0,5
w 14,5 23,75 0,05 0,5
w 15 24,5 1 0,1
w 15 23,5 1 0,1
w 16,5 24 0,1 1
w 16 24,5 1 0,1
w 16 23,5 1 0,1
w 11,75 26,5 0,5 0,05
w 11,75 25,5 0,5 0,05
w 12,25 26,5 0,5 0,05
w 12,25 25,5 0,5 0,05
b 43
w 16,5 14 0,1 1
w 16,5 14,25 0,05 0,5
w 16,5 13,75 0,05 0,5
w 17,5 14,25 0,05 0,5
w 17,5 13,75 0,05 0,5
w 16,5 15 0,1 1
w 17 15,5 1 0,1
w 16,5 15,25 0,05 0,5
w 16,5 14,75 0,05 0,5
w 17,5 15,25 0,05 0,5
w 17,5 14,75 0,05 0,5
w 18,5 15 0,1 1
w 18 15,5 1 0,1
w 18,5 14 0,1 1
w 18,5 13 0,1 1
w 17,75 13,5 0,5 0,05
w 18,25 13,5 0,5 0,05
w 18,5 12 0,1 1
w 18,5 11 0,1 1
w 18 10,5 1 0,1
w 16,5 11 0,1 1
w 17 10,5 1 0,1
w 16,5 11,25 0,05 0,5
w 16,5 10,75 0,05 0,5
w 17,5 11,25 0,05 0,5
w 17,5 10,75 0,05 0,5
w 16,5 12 0,1 1
w 16,5 12,25 0,05 0,5
w 16,5 11,75 0,05 0,5
w 17,5 12,25 0,05 0,5
w 17,5 11,75 0,05 0,5
w 16,5 13 0,1 1
w 16,5 13,25 0,05 0,5
w 16,5 12,75 0,05 0,5
w 17,5 13,25 0,05 0,5
w 17,5 12,75 0,05 0,5
b 44
w 19,5 19 0,1 1
w 20 19,5 1 0,1
w 20 18,5 1 0,1
w 21 19,5 1 0,1
w 21 18,5 1 0,1
w 22 19,5 1 0,1
w 22 18,5 1 0,1
w 23 19,5 1 0,1
w 23 18,5 1 0,1
w 23,5 19,25 0,05 0,5
w 23,5 18,75 0,05 0,5
w 24 19,5 1 0,1
w 24 18,5 1 0,1
w 25 18,5 1 0,1
w 24,5 20 0,1 1
w 24 20,5 1 0,1
w 23,75 22,5 0,5 0,05
w 23,75 21,5 0,5 0,05
w 24,25 22,5 0,5 0,05
w 24,25 21,5 0,5 0,05
w 22,75 22,5 0,5 0,05
w 22,75 21,5 0,5 0,05
w 23,25 22,5 0,5 0,05
w 23,25 21,5 0,5 0,05
w 23,5 23,25 0,05 0,5
w 23,5 22,75 0,05 0,5
w 21 25,5 1 0,1
w 19,5 25 0,1 1
w 20 25,5 1 0,1
w 19,5 24 0,1 1
w 19,5 23 0,1 1
w 19,5 22 0,1 1
w 19,75 22,5 0,5 0,05
w 19,75 21,5 0,5 0,05
w 20,25 22,5 0,5 0,05
w 20,25 21,5 0,5 0,05
w 19,5 21 0,1 1
w 20 20,5 1 0,1
w 21 20,5 1 0,1
w 20,75 22,5 0,5 0,05
w 20,75 21,5 0,5 0,05
w 21,25 22,5 0,5 0,05
w 21,25 21,5 0,5 0,05
w 21,75 22,5 0,5 0,05
w 21,75 21,5 0,5 0,05
w 22,25 22,5 0,5 0,05
w 22,25 21,5 0,5 0,05
w 22 20,5 1 0,1
w 23 20,5 1 0,1
w 23,5 21,25 0,05 0,5
w 23,5 20,75 0,05 0,5
w 23 25,5 1 0,1
w 23,5 25,25 0,05 0,5
w 23,5 24,75 0,05 0,5
w 22 25,5 1 0,1
w 23,5 24,25 0,05 0,5
w 23,5 23,75 0,05 0,5
w 24 25,5 1 0,1
w 25 25,5 1 0,1
w 24,75 22,5 0,5 0,05
w 24,75 21,5 0,5 0,05
w 25,25 22,5 0,5 0,05
w 25,25 21,5 0,5 0,05
w 25,75 22,5 0,5 0,05
w 25,75 21,5 0,5 0,05
w 26,25 22,5 0,5 0,05
w 26,25 21,5 0,5 0,05
w 26 25,5 1 0,1
w 27,5 25 0,1 1
w 27 25,5 1 0,1
w 27,5 24 0,1 1
w 27,5 23 0,1 1
w 27,5 22 0,1 1
w 26,75 22,5 0,5 0,05
w 26,75 21,5 0,5 0,05
w 27,25 22,5 0,5 0,05
w 27,25 21,5 0,5 0,05
w 27,5 21 0,1 1
w 26 18,5 1 0,1
w 27,5 19 0,1 1
w 27 18,5 1 0,1
w 27,5 20 0,1 1
b 45
w 19,5 26 0,1 1
w 20 25,5 1 0,1
w 19,5 27 0,1 1
w 19,5 28 0,1 1
w 19,75 28,5 0,5 0,05
w 19,75 27,5 0,5 0,05
w 20,25 28,5 0,5 0,05
w 20,25 27,5 0,5 0,05
w 19,5 29 0,1 1
w 19,5 30 0,1 1
w 20 30,5 1 0,1
w 21 30,5 1 0,1
w 20,75 28,5 0,5 0,05
w 20,75 27,5 0,5 0,05
w 21,25 28,5 0,5 0,05
w 21,25 27,5 0,5 0,05
w 21 25,5 1 0,1
w 22 25,5 1 0,1
w 21,75 28,5 0,5 0,05
w 21,75 27,5 0,5 0,05
w 22,25 28,5 0,5 0,05
w 22,25 27,5 0,5 0,05
w 22 30,5 1 0,1
w 23 30,5 1 0,1
w 22,75 28,5 0,5 0,05
w 22,75 27,5 0,5 0,05
w 23,25 28,5 0,5 0,05
w 23,25 27,5 0,5 0,05
w 23 25,5 1 0,1
w 24 25,5 1 0,1
w 23,75 28,5 0,5 0,05
w 23,75 27,5 0,5 0,05
w 24,25 28,5 0,5 0,05
w 24,25 27,5 0,5 0,05
w 24 30,5 1 0,1
w 25 30,5 1 0,1
w 24,75 28,5 0,5 0,05
w 24,75 27,5 0,5 0,05
w 25,25 28,5 0,5 0,05
w 25,25 27,5 0,5 0,05
w 25 25,5 1 0,1
w 26 25,5 1 0,1
w 25,75 28,5 0,5 0,05
w 25,75 27,5 0,5 0,05
w 26,25 28,5 0,5 0,05
w 26,25 27,5 0,5 0,05
w 26 30,5 1 0,1
w 27,5 30 0,1 1
w 27 30,5 1 0,1
w 27,5 29 0,1 1
w 27,5 28 0,1 1
w 26,75 28,5 0,5 0,05
w 26,75 27,5 0,5 0,05
w 27,25 28,5 0,5 0,05
w 27,25 27,5 0,5 0,05
w 27,5 27 0,1 1
w 27,5 26 0,1 1
w 27 25,5 1 0,1
b 46
w 27,5 21 0,1 1
w 28 20,5 1 0,1
w 27,5 22 0,1 1
w 27,5 23 0,1 1
w 27,75 23,5 0,5 0,05
w 28,25 23,5 0,5 0,05
w 27,5 24 0,1 1
w 27,5 25 0,1 1
w 27,75 25,5 0,5 0,05
w 28,25 25,5 0,5 0,05
w 27,5 26 0,1 1
w 27,5 27 0,1 1
w 27,5 28 0,1 1
w 28 28,5 1 0,1
w 29 28,5 1 0,1
w 28,75 25,5 0,5 0,05
w 29,25 25,5 0,5 0,05
w 28,75 23,5 0,5 0,05
w 29,25 23,5 0,5 0,05
w 29 20,5 1 0,1
w 30 20,5 1 0,1
w 29,5 21,25 0,05 0,5
w 29,5 20,75 0,05 0,5
w 30,5 21,25 0,05 0,5
w 30,5 20,75 0,05 0,5
w 29,5 22,25 0,05 0,5
w 29,5 21,75 0,05 0,5
w 30,5 22,25 0,05 0,5
w 30,5 21,75 0,05 0,5
w 29,5 23,25 0,05 0,5
w 29,5 22,75 0,05 0,5
w 30,5 23,25 0,05 0,5
w 30,5 22,75 0,05 0,5
w 29,5 24,25 0,05 0,5
w 29,5 23,75 0,05 0,5
w 30,5 24,25 0,05 0,5
w 30,5 23,75 0,05 0,5
w 29,5 25,25 0,05 0,5
w 29,5 24,75 0,05 0,5
w 30,5 25,25 0,05 0,5
w 30,5 24,75 0,05 0,5
w 29,5 26,25 0,05 0,5
w 29,5 25,75 0,05 0,5
w 30,5 26,25 0,05 0,5
w 30,5 25,75 0,05 0,5
w 29,5 27,25 0,05 0,5
w 29,5 26,75 0,05 0,5
w 30,5 27,25 0,05 0,5
w 30,5 26,75 0,05 0,5
w 30 28,5 1 0,1
w 29,5 28,25 0,05 0,5
w 29,5 27,75 0,05 0,5
w 30,5 28,25 0,05 0,5
w 30,5 27,75 0,05 0,5
w 31 28,5 1 0,1
w 30,75 25,5 0,5 0,05
w 31,25 25,5 0,5 0,05
w 30,75 23,5 0,5 0,05
w 31,25 23,5 0,5 0,05
w 31 20,5 1 0,1
w 32,5 21 0,1 1
w 32 20,5 1 0,1
w 32,5 22 0,1 1
w 32,5 23 0,1 1
w 31,75 23,5 0,5 0,05
w 32,25 23,5 0,5 0,05
w 32,5 24 0,1 1
w 32,5 25 0,1 1
w 31,75 25,5 0,5 0,05
w 32,25 25,5 0,5 0,05
w 32,5 26 0,1 1
w 32,5 27 0,1 1
w 32,5 28 0,1 1
w 32 28,5 1 0,1
b 47
w 24,5 0 0,1 1
w 25 -0,5 1 0,1
w 24,5 1 0,1 1
w 24,5 2 0,1 1
w 24,75 2,5 0,5 0,05
w 24,75 1,5 0,5 0,05
w 25,25 2,5 0,5 0,05
w 25,25 1,5 0,5 0,05
w 24,5 3 0,1 1
w 24,5 4 0,1 1
w 25 4,5 1 0,1
w 26 4,5 1 0,1
w 25,75 2,5 0,5 0,05
w 25,75 1,5 0,5 0,05
w 26,25 2,5 0,5 0,05
w 26,25 1,5 0,5 0,05
w 26 -0,5 1 0,1
w 27 -0,5 1 0,1
w 26,75 2,5 0,5 0,05
w 26,75 1,5 0,5 0,05
w 27,25 2,5 0,5 0,05
w 27,25 1,5 0,5 0,05
w 27 4,5 1 0,1
w 28 4,5 1 0,1
w 27,75 2,5 0,5 0,05
w 27,75 1,5 0,5 0,05
w 28,25 2,5 0,5 0,05
w 28,25 1,5 0,5 0,05
w 28 -0,5 1 0,1
w 29,5 0 0,1 1
w 29 -0,5 1 0,1
w 29,5 1 0,1 1
w 29,5 2 0,1 1
w 28,75 2,5 0,5 0,05
w 28,75 1,5 0,5 0,05
w 29,25 2,5 0,5 0,05
w 29,25 1,5 0,5 0,05
w 29,5 3 0,1 1
w 29,5 4 0,1 1
w 29 4,5 1 0,1
b 48
w 4,5 21 0,1 1
w 5 20,5 1 0,1
w 4,5 22 0,1 1
w 4,5 23 0,1 1
w 4,75 23,5 0,5 0,05
w 4,75 22,5 0,5 0,05
w 5,25 23,5 0,5 0,05
w 5,25 22,5 0,5 0,05
w 4,5 24 0,1 1
w 4,5 25 0,1 1
w 5 25,5 1 0,1
w 6 25,5 1 0,1
w 5,75 23,5 0,5 0,05
w 5,75 22,5 0,5 0,05
w 6,25 23,5 0,5 0,05
w 6,25 22,5 0,5 0,05
w 6 20,5 1 0,1
w 7 20,5 1 0,1
w 6,75 23,5 0,5 0,05
w 6,75 22,5 0,5 0,05
w 7,25 23,5 0,5 0,05
w 7,25 22,5 0,5 0,05
w 7 25,5 1 0,1
w 8 25,5 1 0,1
w 7,75 23,5 0,5 0,05
w 7,75 22,5 0,5 0,05
w 8,25 23,5 0,5 0,05
w 8,25 22,5 0,5 0,05
w 8 20,5 1 0,1
w 9,5 21 0,1 1
w 9 20,5 1 0,1
w 9,5 22 0,1 1
w 9,5 23 0,1 1
w 8,75 23,5 0,5 0,05
w 8,75 22,5 0,5 0,05
w 9,25 23,5 0,5 0,05
w 9,25 22,5 0,5 0,05
w 9,5 24 0,1 1
w 9,5 25 0,1 1
w 9 25,5 1 0,1
b 49
w 9,5 4 0,1 1
w 10 4,5 1 0,1
w 9,5 3 0,1 1
w 9,5 2 0,1 1
w 9,5 1 0,1 1
w 9,5 0 0,1 1
w 10 -0,5 1 0,1
w 11 -0,5 1 0,1
w 10,5 0,25 0,05 0,5
w 10,5 -0,25 0,05 0,5
w 11,5 0,25 0,05 0,5
w 11,5 -0,25 0,05 0,5
w 10,5 1,25 0,05 0,5
w 10,5 0,75 0,05 0,5
w 11,5 1,25 0,05 0,5
w 11,5 0,75 0,05 0,5
w 10,5 2,25 0,05 0,5
w 10,5 1,75 0,05 0,5
w 11,5 2,25 0,05 0,5
w 11,5 1,75 0,05 0,5
w 10,5 3,25 0,05 0,5
w 10,5 2,75 0,05 0,5
w 11,5 3,25 0,05 0,5
w 11,5 2,75 0,05 0,5
w 11 4,5 1 0,1
w 10,5 4,25 0,05 0,5
w 10,5 3,75 0,05 0,5
w 11,5 4,25 0,05 0,5
w 11,5 3,75 0,05 0,5
w 12 4,5 1 0,1
w 12 -0,5 1 0,1
w 13,5 0 0,1 1
w 13 -0,5 1 0,1
w 13,5 1 0,1 1
w 13,5 2 0,1 1
w 13,5 3 0,1 1
w 13,5 4 0,1 1
w 13 4,5 1 0,1
b 50
w 9,5 18 0,1 1
w 10 18,5 1 0,1
w 9,5 17 0,1 1
w 9,5 16 0,1 1
w 9,75 16,5 0,5 0,05
w 9,75 15,5 0,5 0,05
w 10,25 16,5 0,5 0,05
w 10,25 15,5 0,5 0,05
w 9,5 15 0,1 1
w 9,5 14 0,1 1
w 10 13,5 1 0,1
w 11 13,5 1 0,1
w 10,75 16,5 0,5 0,05
w 10,75 15,5 0,5 0,05
w 11,25 16,5 0,5 0,05
w 11,25 15,5 0,5 0,05
w 11 18,5 1 0,1
w 12 18,5 1 0,1
w 11,75 16,5 0,5 0,05
w 11,75 15,5 0,5 0,05
w 12,25 16,5 0,5 0,05
w 12,25 15,5 0,5 0,05
w 12 13,5 1 0,1
w 13,5 14 0,1 1
w 13 13,5 1 0,1
w 13,5 15 0,1 1
w 12,75 16,5 0,5 0,05
w 12,75 15,5 0,5 0,05
w 13,25 16,5 0,5 0,05
w 13,25 15,5 0,5 0,05
w 13 18,5 1 0,1
w 14 18,5 1 0,1
w 14,5 18,25 0,05 0,5
w 14,5 17,75 0,05 0,5
w 14,5 17,25 0,05 0,5
w 14,5 16,75 0,05 0,5
w 14 15,5 1 0,1
w 13,75 16,5 0,5 0,05
w 13,75 15,5 0,5 0,05
w 14,25 16,5 0,5 0,05
w 14,25 15,5 0,5 0,05
w 14,75 16,5 0,5 0,05
w 14,75 15,5 0,5 0,05
w 15,25 16,5 0,5 0,05
w 15,25 15,5 0,5 0,05
w 15 18,5 1 0,1
w 16,5 18 0,1 1
w 16 18,5 1 0,1
w 16,5 17 0,1 1
w 16,5 16 0,1 1
w 15,75 16,5 0,5 0,05
w 15,75 15,5 0,5 0,05
w 16,25 16,5 0,5 0,05
w 16,25 15,5 0,5 0,05
w 16,5 15 0,1 1
w 14,5 15 0,1 1
w 14,5 14 0,1 1
w 15 13,5 1 0,1
w 16,5 14 0,1 1
w 16 13,5 1 0,1
b 51
w 9,5 23 0,1 1
w 10 23,5 1 0,1
w 9,5 22 0,1 1
w 9,5 21 0,1 1
w 9,75 21,5 0,5 0,05
w 9,75 20,5 0,5 0,05
w 10,25 21,5 0,5 0,05
w 10,25 20,5 0,5 0,05
w 9,5 20 0,1 1
w 9,5 19 0,1 1
w 10 18,5 1 0,1
w 11 18,5 1 0,1
w 10,75 21,5 0,5 0,05
w 10,75 20,5 0,5 0,05
w 11,25 21,5 0,5 0,05
w 11,25 20,5 0,5 0,05
w 11 23,5 1 0,1
w 12 23,5 1 0,1
w 11,75 21,5 0,5 0,05
w 11,75 20,5 0,5 0,05
w 12,25 21,5 0,5 0,05
w 12,25 20,5 0,5 0,05
w 12 18,5 1 0,1
w 13 18,5 1 0,1
w 12,75 21,5 0,5 0,05
w 12,75 20,5 0,5 0,05
w 13,25 21,5 0,5 0,05
w 13,25 20,5 0,5 0,05
w 13 23,5 1 0,1
w 14 23,5 1 0,1
w 15 23,5 1 0,1
w 13,75 21,5 0,5 0,05
w 13,75 20,5 0,5 0,05
w 14,25 21,5 0,5 0,05
w 14,25 20,5 0,5 0,05
w 14 18,5 1 0,1
w 15 18,5 1 0,1
w 14,75 21,5 0,5 0,05
w 14,75 20,5 0,5 0,05
w 15,25 21,5 0,5 0,05
w 15,25 20,5 0,5 0,05
w 16,5 21 0,1 1
w 15,75 21,5 0,5 0,05
w 15,75 20,5 0,5 0,05
w 16,25 21,5 0,5 0,05
w 16,25 20,5 0,5 0,05
w 16,5 22 0,1 1
w 16,5 23 0,1 1
w 16 23,5 1 0,1
w 16,5 20 0,1 1
w 16,5 19 0,1 1
w 16 18,5 1 0,1
b 52
w 18,5 10 0,1 1
w 18 10,5 1 0,1
w 16,5 9 0,1 1
w 16,5 8 0,1 1
w 16,75 8,5 0,5 0,05
w 16,75 7,5 0,5 0,05
w 17,25 8,5 0,5 0,05
w 17,25 7,5 0,5 0,05
w 16,5 7 0,1 1
w 16,5 6 0,1 1
w 17 5,5 1 0,1
w 18 5,5 1 0,1
w 17,75 8,5 0,5 0,05
w 17,75 7,5 0,5 0,05
w 18,25 8,5 0,5 0,05
w 18,25 7,5 0,5 0,05
w 18,75 8,5 0,5 0,05
w 18,75 7,5 0,5 0,05
w 19,25 8,5 0,5 0,05
w 19,25 7,5 0,5 0,05
w 19 9,5 1 0,1
w 20 9,5 1 0,1
w 19,75 8,5 0,5 0,05
w 19,75 7,5 0,5 0,05
w 20,25 8,5 0,5 0,05
w 20,25 7,5 0,5 0,05
w 19 5,5 1 0,1
w 20 5,5 1 0,1
w 21 5,5 1 0,1
w 20,75 8,5 0,5 0,05
w 20,75 7,5 0,5 0,05
w 21,25 8,5 0,5 0,05
w 21,25 7,5 0,5 0,05
w 21 9,5 1 0,1
w 22 9,5 1 0,1
w 21,75 8,5 0,5 0,05
w 21,75 7,5 0,5 0,05
w 22,25 8,5 0,5 0,05
w 22,25 7,5 0,5 0,05
w 22 5,5 1 0,1
w 23,5 6 0,1 1
w 23 5,5 1 0,1
w 23,5 7 0,1 1
w 23,5 8 0,1 1
w 22,75 8,5 0,5 0,05
w 22,75 7,5 0,5 0,05
w 23,25 8,5 0,5 0,05
w 23,25 7,5 0,5 0,05
w 23,5 9 0,1 1
w 23 9,5 1 0,1
w 16,5 10 0,1 1
w 17 10,5 1 0,1
b 53
w 19,5 11 0,1 1
w 20 10,5 1 0,1
w 19,5 12 0,1 1
w 19,5 13 0,1 1
w 19,5 14 0,1 1
w 19,75 14,5 0,5 0,05
w 19,75 13,5 0,5 0,05
w 20,25 14,5 0,5 0,05
w 20,25 13,5 0,5 0,05
w 19,5 15 0,1 1
w 19,5 16 0,1 1
w 19,5 17 0,1 1
w 19,5 18 0,1 1
w 20 18,5 1 0,1
w 21 18,5 1 0,1
w 20,75 14,5 0,5 0,05
w 20,75 13,5 0,5 0,05
w 21,25 14,5 0,5 0,05
w 21,25 13,5 0,5 0,05
w 21 10,5 1 0,1
w 22 10,5 1 0,1
w 21,75 14,5 0,5 0,05
w 21,75 13,5 0,5 0,05
w 22,25 14,5 0,5 0,05
w 22,25 13,5 0,5 0,05
w 22 18,5 1 0,1
w 23 18,5 1 0,1
w 23,5 18,25 0,05 0,5
w 23,5 17,75 0,05 0,5
w 23,5 17,25 0,05 0,5
w 23,5 16,75 0,05 0,5
w 23,5 16,25 0,05 0,5
w 23,5 15,75 0,05 0,5
w 23,5 15 0,1 1
w 23,5 15,25 0,05 0,5
w 23,5 14,75 0,05 0,5
w 23,5 14 0,1 1
w 22,75 14,5 0,5 0,05
w 22,75 13,5 0,5 0,05
w 23,25 14,5 0,5 0,05
w 23,25 13,5 0,5 0,05
w 23,5 13 0,1 1
w 23,5 13,25 0,05 0,5
w 23,5 12,75 0,05 0,5
w 23,5 12 0,1 1
w 23,5 12,25 0,05 0,5
w 23,5 11,75 0,05 0,5
w 23,5 11 0,1 1
w 23 10,5 1 0,1
w 23,5 11,25 0,05 0,5
w 23,5 10,75 0,05 0,5
w 24 15,5 1 0,1
w 24 18,5 1 0,1
w 26 18,5 1 0,1
w 25 18,5 1 0,1
w 24,5 15 0,1 1
w 24,5 14 0,1 1
w 24,75 14,5 0,5 0,05
w 24,75 13,5 0,5 0,05
w 25,25 14,5 0,5 0,05
w 25,25 13,5 0,5 0,05
w 24,5 13 0,1 1
w 24,5 12 0,1 1
w 24,5 11 0,1 1
w 25 10,5 1 0,1
w 26 10,5 1 0,1
w 25,75 14,5 0,5 0,05
w 25,75 13,5 0,5 0,05
w 26,25 14,5 0,5 0,05
w 26,25 13,5 0,5 0,05
w 27,5 17 0,1 1
w 27,5 18 0,1 1
w 27 18,5 1 0,1
w 27,5 16 0,1 1
w 27,5 15 0,1 1
w 27,5 14 0,1 1
w 26,75 14,5 0,5 0,05
w 26,75 13,5 0,5 0,05
w 27,25 14,5 0,5 0,05
w 27,25 13,5 0,5 0,05
w 27,5 13 0,1 1
w 27,5 12 0,1 1
w 27,5 11 0,1 1
w 27 10,5 1 0,1
b 54
w 27,5 20 0,1 1
w 28 20,5 1 0,1
w 29 20,5 1 0,1
w 29,5 20,25 0,05 0,5
w 29,5 19,75 0,05 0,5
w 29,5 19,25 0,05 0,5
w 29,5 18,75 0,05 0,5
w 27,5 19 0,1 1
w 27,5 18 0,1 1
w 27,75 18,5 0,5 0,05
w 27,75 17,5 0,5 0,05
w 28,25 18,5 0,5 0,05
w 28,25 17,5 0,5 0,05
w 27,5 17 0,1 1
w 27,5 16 0,1 1
w 28 15,5 1 0,1
w 29 15,5 1 0,1
w 29,5 16,25 0,05 0,5
w 29,5 15,75 0,05 0,5
w 29,5 17,25 0,05 0,5
w 29,5 16,75 0,05 0,5
w 28,75 18,5 0,5 0,05
w 28,75 17,5 0,5 0,05
w 29,25 18,5 0,5 0,05
w 29,25 17,5 0,5 0,05
w 29,75 18,5 0,5 0,05
w 29,75 17,5 0,5 0,05
w 30,25 18,5 0,5 0,05
w 30,25 17,5 0,5 0,05
w 30,5 19,25 0,05 0,5
w 30,5 18,75 0,05 0,5
w 30 20,5 1 0,1
w 30,5 20,25 0,05 0,5
w 30,5 19,75 0,05 0,5
w 31 20,5 1 0,1
w 30,75 18,5 0,5 0,05
w 30,75 17,5 0,5 0,05
w 31,25 18,5 0,5 0,05
w 31,25 17,5 0,5 0,05
w 30,5 17,25 0,05 0,5
w 30,5 16,75 0,05 0,5
w 30 15,5 1 0,1
w 30,5 16,25 0,05 0,5
w 30,5 15,75 0,05 0,5
w 31 15,5 1 0,1
w 32,5 16 0,1 1
w 32 15,5 1 0,1
w 32,5 17 0,1 1
w 32,5 18 0,1 1
w 31,75 18,5 0,5 0,05
w 31,75 17,5 0,5 0,05
w 32,25 18,5 0,5 0,05
w 32,25 17,5 0,5 0,05
w 32,5 19 0,1 1
w 32,5 20 0,1 1
w 32 20,5 1 0,1
b 55
w 9,5 13 0,1 1
w 10 13,5 1 0,1
w 9,5 12 0,1 1
w 9,5 11 0,1 1
w 10 10,5 1 0,1
w 9,75 11,5 0,5 0,05
w 9,75 10,5 0,5 0,05
w 10,25 11,5 0,5 0,05
w 10,25 10,5 0,5 0,05
w 11 10,5 1 0,1
w 10,75 11,5 0,5 0,05
w 10,75 10,5 0,5 0,05
w 11,25 11,5 0,5 0,05
w 11,25 10,5 0,5 0,05
w 11 13,5 1 0,1
w 12 13,5 1 0,1
w 12,5 13,25 0,05 0,5
w 12,5 12,75 0,05 0,5
w 12,5 12,25 0,05 0,5
w 12,5 11,75 0,05 0,5
w 12 10,5 1 0,1
w 11,75 11,5 0,5 0,05
w 11,75 10,5 0,5 0,05
w 12,25 11,5 0,5 0,05
w 12,25 10,5 0,5 0,05
w 13,5 11 0,1 1
w 13 10,5 1 0,1
w 12,75 11,5 0,5 0,05
w 12,75 10,5 0,5 0,05
w 13,25 11,5 0,5 0,05
w 13,25 10,5 0,5 0,05
w 13,5 12 0,1 1
w 13,5 13 0,1 1
w 13 13,5 1 0,1
w 14,5 13 0,1 1
w 15 13,5 1 0,1
w 14,5 12 0,1 1
w 14,5 11 0,1 1
w 14,75 11,5 0,5 0,05
w 14,75 10,5 0,5 0,05
w 15,25 11,5 0,5 0,05
w 15,25 10,5 0,5 0,05
w 14,5 10 0,1 1
w 15 8,5 1 0,1
w 14 9,5 1 0,1
w 14 8,5 1 0,1
w 13 9,5 1 0,1
w 13 8,5 1 0,1
w 12 9,5 1 0,1
w 12 8,5 1 0,1
w 12,5 9,25 0,05 0,5
w 12,5 8,75 0,05 0,5
w 11 9,5 1 0,1
w 11 8,5 1 0,1
w 9,5 9 0,1 1
w 10 9,5 1 0,1
w 10 8,5 1 0,1
w 16,5 9 0,1 1
w 16 8,5 1 0,1
w 16,5 10 0,1 1
w 16,5 11 0,1 1
w 15,75 11,5 0,5 0,05
w 15,75 10,5 0,5 0,05
w 16,25 11,5 0,5 0,05
w 16,25 10,5 0,5 0,05
w 16,5 12 0,1 1
w 16,5 13 0,1 1
w 16 13,5 1 0,1
b 56
w 27,5 11 0,1 1
w 28 10,5 1 0,1
w 27,5 12 0,1 1
w 27,5 13 0,1 1
w 27,75 13,5 0,5 0,05
w 27,75 12,5 0,5 0,05
w 28,25 13,5 0,5 0,05
w 28,25 12,5 0,5 0,05
w 27,5 14 0,1 1
w 27,5 15 0,1 1
w 28 15,5 1 0,1
w 29 15,5 1 0,1
w 30 15,5 1 0,1
w 28,75 13,5 0,5 0,05
w 28,75 12,5 0,5 0,05
w 29,25 13,5 0,5 0,05
w 29,25 12,5 0,5 0,05
w 29 10,5 1 0,1
w 30 10,5 1 0,1
w 29,75 13,5 0,5 0,05
w 29,75 12,5 0,5 0,05
w 30,25 13,5 0,5 0,05
w 30,25 12,5 0,5 0,05
w 30,75 13,5 0,5 0,05
w 30,75 12,5 0,5 0,05
w 31,25 13,5 0,5 0,05
w 31,25 12,5 0,5 0,05
w 31 15,5 1 0,1
w 32,5 11 0,1 1
w 32 10,5 1 0,1
w 32,5 12 0,1 1
w 32,5 13 0,1 1
w 31,75 13,5 0,5 0,05
w 31,75 12,5 0,5 0,05
w 32,25 13,5 0,5 0,05
w 32,25 12,5 0,5 0,05
w 32,5 14 0,1 1
w 32,5 15 0,1 1
w 32 15,5 1 0,1
w 31 10,5 1 0,1
r0 0
r0 0
r0 0
r0 0
r0 0
r0 0
r0 0
r0 0
r0 0
r0 0
r0 0
r0 0
r0 0
r0 0
r0 0
r0 0
r0 0
r0 0
r0 0
r0 0
r0 0
r0 0
r0 0
r0 0
r0 0
r0 0
r0 0
r0 0
r0 0
r0 0
r0 0
r0 0
r0 0
r0 0
r0 0
r0 0
r0 0
r0 0
r0 0
r0 0
r0 0
r0 0
r0 0
r0 0
r0 0
r0 0
r0 0
r0 0
r0 0
r0 0
r0 0
r0 0
r0 0
r0 0
r0 0
r0 0
r0 0
r0 0
r0 0
r0 0
r0 0
r0 0
r0 0
r0 0
r0 0
r0 0
r0 0
r0 0
r0 0
r0 0
r0 0
r0 0
r0 0
r0 0
r0 0
r0 0
r0 0
r0 0
r0 0
r0 0
r0 0
r0 0
r0 0
r0 0
r0 0
r0 0
r0 0
r0 0
r0 0
r0 0
r0 0
r0 0
r0 0
r0 0
r0 0
r0 0
r0 0
r0 0
r0 0
r0 0
r0 0
r0 0
r0 0
r0 0
r0 0
r0 0
r0 0
r0 0
r0 0
r0 0
r0 0
r0 0
r0 0
r0 0
r0 0
r0 0
r0 0
r0 0
r0 0
r0 0
r0 0
r0 0
r0 0
r0 0
r0 0
r0 0
r0 0
r0 0
r0 0
r0 0
r0 0
r0 0
r0 0
r0 0
r0 0
r0 0
r0 0
r0 0
r0 0
r0 0
r0 0
r0 0
r0 0
r0 0
r0 0
r0 0
r0 0
r0 0
r0 0
r0 0
r0 0
r0 0
r0 0
r0 0
r0 0
r0 0
r0 0
r0 0
r0 0
r0 0
r0 0
r0 0
r0 0
r0 0
r0 0
r0 0
r0 0
r0 0
r0 0
r0 0
r0 0
r0 0
r0 0
r0 0
r0 0
r0 0
r0 0
r0 0
r0 0
r0 0
r0 0
r0 0
r0 0
r0 0
r0 0
r0 0
r0 0
r0 0
r0 0
r0 0
r0 0
r0 0
r0 0
r0 0
r0 0
r0 0
r0 0
r0 0
r0 0
r0 0
r0 0
r0 0
r0 0
r0 0
r0 0
r0 0
r0 0
r0 0
r0 0
r0 0
r0 0
r0 0
r0 0
r0 0
r0 0
r0 0
r0 0
r0 0
r0 0
r0 0
r0 0
r0 0
r0 0
r0 0
r0 0
r0 0
r0 0
r0 0
r0 0
r0 0
r0 0
r0 0
r0 0
r0 0
r0 0
r0 0
r0 0
r0 0
r0 0
r0 0
r0 0
r0 0
r0 0
r0 0
r0 0
r0 0
r0 0
r0 0
r0 0
r0 0
r0 0
r0 0
r0 0
r0 0
