b 0
w -0,5 0 0,1 1
w 0 -0,5 1 0,1
w -0,5 1 0,1 1
w -0,5 2 0,1 1
w -0,5 3 0,1 1
w 0 3,5 1 0,1
w 1 3,5 1 0,1
w 1 -0,5 1 0,1
w 2 -0,5 1 0,1
w 2 3,5 1 0,1
w 3,5 3 0,1 1
w 3 3,5 1 0,1
w 3,5 2 0,1 1
w 3,5 1 0,1 1
w 3,5 0 0,1 1
w 3 -0,5 1 0,1
b 1
w -0,5 5 0,1 1
w 0 4,5 1 0,1
w -0,5 6 0,1 1
w -0,5 7 0,1 1
w -0,5 8 0,1 1
w 0 8,5 1 0,1
w 1 8,5 1 0,1
w 1 4,5 1 0,1
w 2 4,5 1 0,1
w 2 8,5 1 0,1
w 3,5 8 0,1 1
w 3 8,5 1 0,1
w 3,5 7 0,1 1
w 3,5 6 0,1 1
w 3,5 5 0,1 1
w 3 4,5 1 0,1
b 2
w 18,5 10 0,1 1
w 19 9,5 1 0,1
w 18,5 11 0,1 1
w 18,5 12 0,1 1
w 18,5 13 0,1 1
w 19 13,5 1 0,1
w 20 13,5 1 0,1
w 20 9,5 1 0,1
w 21 9,5 1 0,1
w 21 13,5 1 0,1
w 22 13,5 1 0,1
w 22 9,5 1 0,1
w 23,5 10 0,1 1
w 23 9,5 1 0,1
w 23,5 11 0,1 1
w 23,5 12 0,1 1
w 23,5 13 0,1 1
w 23 13,5 1 0,1
b 3
w -0,5 20 0,1 1
w 0 19,5 1 0,1
w -0,5 21 0,1 1
w -0,5 22 0,1 1
w -0,5 23 0,1 1
w 0 23,5 1 0,1
w 1 23,5 1 0,1
w 1 19,5 1 0,1
w 2 19,5 1 0,1
w 2 23,5 1 0,1
w 3,5 23 0,1 1
w 3 23,5 1 0,1
w 3,5 22 0,1 1
w 3,5 21 0,1 1
w 3,5 20 0,1 1
w 3 19,5 1 0,1
b 4
w -0,5 25 0,1 1
w 0 24,5 1 0,1
w -0,5 26 0,1 1
w -0,5 27 0,1 1
w -0,5 28 0,1 1
w 0 28,5 1 0,1
w 1 28,5 1 0,1
w 1 24,5 1 0,1
w 2 24,5 1 0,1
w 2 28,5 1 0,1
w 3,5 28 0,1 1
w 3 28,5 1 0,1
w 3,5 27 0,1 1
w 3,5 26 0,1 1
w 3,5 25 0,1 1
w 3 24,5 1 0,1
b 5
w 4,5 33 0,1 1
w 5 33,5 1 0,1
w 4,5 32 0,1 1
w 4,5 31 0,1 1
w 4,5 30 0,1 1
w 5 29,5 1 0,1
w 6 29,5 1 0,1
w 6 33,5 1 0,1
w 7 33,5 1 0,1
w 7 29,5 1 0,1
w 8,5 30 0,1 1
w 8 29,5 1 0,1
w 8,5 31 0,1 1
w 8,5 32 0,1 1
w 8,5 33 0,1 1
w 8 33,5 1 0,1
b 6
w 4,5 5 0,1 1
w 5 4,5 1 0,1
w 4,5 6 0,1 1
w 4,5 7 0,1 1
w 4,5 8 0,1 1
w 5 8,5 1 0,1
w 6 8,5 1 0,1
w 6 4,5 1 0,1
w 7 4,5 1 0,1
w 7 8,5 1 0,1
w 8,5 8 0,1 1
w 8 8,5 1 0,1
w 8,5 7 0,1 1
w 8,5 6 0,1 1
w 8,5 5 0,1 1
w 8 4,5 1 0,1
b 7
w 4,5 35 0,1 1
w 5 34,5 1 0,1
w 4,5 36 0,1 1
w 4,5 37 0,1 1
w 4,5 38 0,1 1
w 4,5 39 0,1 1
w 5 39,5 1 0,1
w 6 39,5 1 0,1
w 6 34,5 1 0,1
w 7 34,5 1 0,1
w 7 39,5 1 0,1
w 8,5 39 0,1 1
w 8 39,5 1 0,1
w 8,5 38 0,1 1
w 8,5 37 0,1 1
w 8,5 36 0,1 1
w 8,5 35 0,1 1
w 8 34,5 1 0,1
b 8
w 9,5 5 0,1 1
w 10 4,5 1 0,1
w 9,5 6 0,1 1
w 9,5 7 0,1 1
w 9,5 8 0,1 1
w 10 8,5 1 0,1
w 11 8,5 1 0,1
w 11 4,5 1 0,1
w 12 4,5 1 0,1
w 12 8,5 1 0,1
w 13,5 8 0,1 1
w 13 8,5 1 0,1
w 13,5 7 0,1 1
w 13,5 6 0,1 1
w 13,5 5 0,1 1
w 13 4,5 1 0,1
b 9
w 9,5 32 0,1 1
w 10 31,5 1 0,1
w 9,5 33 0,1 1
w 9,5 34 0,1 1
w 9,5 35 0,1 1
w 9,5 36 0,1 1
w 9,5 37 0,1 1
w 9,5 38 0,1 1
w 9,5 39 0,1 1
w 10 39,5 1 0,1
w 11 39,5 1 0,1
w 11 31,5 1 0,1
w 12 31,5 1 0,1
w 12 39,5 1 0,1
w 13,5 39 0,1 1
w 13 39,5 1 0,1
w 13,5 38 0,1 1
w 13,5 37 0,1 1
w 13,5 36 0,1 1
w 13,5 35 0,1 1
w 13,5 34 0,1 1
w 13,5 33 0,1 1
w 13,5 32 0,1 1
w 13 31,5 1 0,1
b 10
w 19,5 3 0,1 1
w 20 3,5 1 0,1
w 19,5 2 0,1 1
w 19,5 1 0,1 1
w 19,5 0 0,1 1
w 20 -0,5 1 0,1
w 21 -0,5 1 0,1
w 21 3,5 1 0,1
w 22 3,5 1 0,1
w 22 -0,5 1 0,1
w 23,5 0 0,1 1
w 23 -0,5 1 0,1
w 23,5 1 0,1 1
w 23,5 2 0,1 1
w 23,5 3 0,1 1
w 23 3,5 1 0,1
b 11
w 25,5 33 0,1 1
w 26 33,5 1 0,1
w 25,5 32 0,1 1
w 25,5 31 0,1 1
w 25,5 30 0,1 1
w 25,5 29 0,1 1
w 26 28,5 1 0,1
w 27 28,5 1 0,1
w 27 33,5 1 0,1
w 28,5 33 0,1 1
w 28 33,5 1 0,1
w 28,5 32 0,1 1
w 28,5 31 0,1 1
w 28,5 30 0,1 1
w 28,5 29 0,1 1
w 28 28,5 1 0,1
b 12
w 19,5 5 0,1 1
w 20 4,5 1 0,1
w 19,5 6 0,1 1
w 19,5 7 0,1 1
w 19,5 8 0,1 1
w 20 8,5 1 0,1
w 21 8,5 1 0,1
w 21 4,5 1 0,1
w 22 4,5 1 0,1
w 22 8,5 1 0,1
w 23,5 8 0,1 1
w 23 8,5 1 0,1
w 23,5 7 0,1 1
w 23,5 6 0,1 1
w 23,5 5 0,1 1
w 23 4,5 1 0,1
b 13
w 19,5 15 0,1 1
w 20 14,5 1 0,1
w 19,5 16 0,1 1
w 19,5 17 0,1 1
w 19,5 18 0,1 1
w 20 18,5 1 0,1
w 21 18,5 1 0,1
w 21 14,5 1 0,1
w 22 14,5 1 0,1
w 22 18,5 1 0,1
w 23,5 18 0,1 1
w 23 18,5 1 0,1
w 23,5 17 0,1 1
w 23,5 16 0,1 1
w 23,5 15 0,1 1
w 23 14,5 1 0,1
b 14
w 19,5 35 0,1 1
w 20 34,5 1 0,1
w 19,5 36 0,1 1
w 19,5 37 0,1 1
w 19,5 38 0,1 1
w 19,5 39 0,1 1
w 20 39,5 1 0,1
w 21 39,5 1 0,1
w 21 34,5 1 0,1
w 22 34,5 1 0,1
w 22 39,5 1 0,1
w 23,5 39 0,1 1
w 23 39,5 1 0,1
w 23,5 38 0,1 1
w 23,5 37 0,1 1
w 23,5 36 0,1 1
w 23,5 35 0,1 1
w 23 34,5 1 0,1
b 15
w 29,5 18 0,1 1
w 30 18,5 1 0,1
w 29,5 17 0,1 1
w 29,5 16 0,1 1
w 29,5 15 0,1 1
w 30 14,5 1 0,1
w 31 14,5 1 0,1
w 31 18,5 1 0,1
w 32 18,5 1 0,1
w 32 14,5 1 0,1
w 33,5 15 0,1 1
w 33 14,5 1 0,1
w 33,5 16 0,1 1
w 33,5 17 0,1 1
w 33,5 18 0,1 1
w 33 18,5 1 0,1
b 16
w 24,5 35 0,1 1
w 25 34,5 1 0,1
w 24,5 36 0,1 1
w 24,5 37 0,1 1
w 24,5 38 0,1 1
w 24,5 39 0,1 1
w 25 39,5 1 0,1
w 26 39,5 1 0,1
w 26 34,5 1 0,1
w 27 34,5 1 0,1
w 27 39,5 1 0,1
w 28,5 39 0,1 1
w 28 39,5 1 0,1
w 28,5 38 0,1 1
w 28,5 37 0,1 1
w 28,5 36 0,1 1
w 28,5 35 0,1 1
w 28 34,5 1 0,1
b 17
w 29,5 5 0,1 1
w 30 4,5 1 0,1
w 29,5 6 0,1 1
w 29,5 7 0,1 1
w 29,5 8 0,1 1
w 30 8,5 1 0,1
w 31 8,5 1 0,1
w 31 4,5 1 0,1
w 32 4,5 1 0,1
w 32 8,5 1 0,1
w 33,5 8 0,1 1
w 33 8,5 1 0,1
w 33,5 7 0,1 1
w 33,5 6 0,1 1
w 33,5 5 0,1 1
w 33 4,5 1 0,1
b 18
w 34,5 23 0,1 1
w 35 23,5 1 0,1
w 34,5 22 0,1 1
w 34,5 21 0,1 1
w 34,5 20 0,1 1
w 35 19,5 1 0,1
w 36 19,5 1 0,1
w 36 23,5 1 0,1
w 37 23,5 1 0,1
w 37 19,5 1 0,1
w 38 19,5 1 0,1
w 38 23,5 1 0,1
w 39,5 23 0,1 1
w 39 23,5 1 0,1
w 39,5 22 0,1 1
w 39,5 21 0,1 1
w 39,5 20 0,1 1
w 39 19,5 1 0,1
b 19
w 29,5 35 0,1 1
w 30 34,5 1 0,1
w 29,5 36 0,1 1
w 29,5 37 0,1 1
w 29,5 38 0,1 1
w 29,5 39 0,1 1
w 30 39,5 1 0,1
w 31 39,5 1 0,1
w 31 34,5 1 0,1
w 32 34,5 1 0,1
w 32 39,5 1 0,1
w 33,5 39 0,1 1
w 33 39,5 1 0,1
w 33,5 38 0,1 1
w 33,5 37 0,1 1
w 33,5 36 0,1 1
w 33,5 35 0,1 1
w 33 34,5 1 0,1
b 20
w 34,5 0 0,1 1
w 35 -0,5 1 0,1
w 34,5 1 0,1 1
w 34,5 2 0,1 1
w 34,5 3 0,1 1
w 35 3,5 1 0,1
w 36 3,5 1 0,1
w 36 -0,5 1 0,1
w 37 -0,5 1 0,1
w 37 3,5 1 0,1
w 38 3,5 1 0,1
w 38 -0,5 1 0,1
w 39,5 0 0,1 1
w 39 -0,5 1 0,1
w 39,5 1 0,1 1
w 39,5 2 0,1 1
w 39,5 3 0,1 1
w 39 3,5 1 0,1
b 21
w 34,5 5 0,1 1
w 35 4,5 1 0,1
w 34,5 6 0,1 1
w 34,5 7 0,1 1
w 34,5 8 0,1 1
w 35 8,5 1 0,1
w 36 8,5 1 0,1
w 36 4,5 1 0,1
w 37 4,5 1 0,1
w 37 8,5 1 0,1
w 38 8,5 1 0,1
w 38 4,5 1 0,1
w 39,5 5 0,1 1
w 39 4,5 1 0,1
w 39,5 6 0,1 1
w 39,5 7 0,1 1
w 39,5 8 0,1 1
w 39 8,5 1 0,1
b 22
w 34,5 15 0,1 1
w 35 14,5 1 0,1
w 34,5 16 0,1 1
w 34,5 17 0,1 1
w 34,5 18 0,1 1
w 35 18,5 1 0,1
w 36 18,5 1 0,1
w 36 14,5 1 0,1
w 37 14,5 1 0,1
w 37 18,5 1 0,1
w 38 18,5 1 0,1
w 38 14,5 1 0,1
w 39,5 15 0,1 1
w 39 14,5 1 0,1
w 39,5 16 0,1 1
w 39,5 17 0,1 1
w 39,5 18 0,1 1
w 39 18,5 1 0,1
b 23
w 34,5 30 0,1 1
w 35 29,5 1 0,1
w 34,5 31 0,1 1
w 34,5 32 0,1 1
w 34,5 33 0,1 1
w 35 33,5 1 0,1
w 36 33,5 1 0,1
w 36 29,5 1 0,1
w 37 29,5 1 0,1
w 37 33,5 1 0,1
w 38 33,5 1 0,1
w 38 29,5 1 0,1
w 39,5 30 0,1 1
w 39 29,5 1 0,1
w 39,5 31 0,1 1
w 39,5 32 0,1 1
w 39,5 33 0,1 1
w 39 33,5 1 0,1
b 24
w 34,5 35 0,1 1
w 35 34,5 1 0,1
w 34,5 36 0,1 1
w 34,5 37 0,1 1
w 34,5 38 0,1 1
w 34,5 39 0,1 1
w 35 39,5 1 0,1
w 36 39,5 1 0,1
w 36 34,5 1 0,1
w 37 34,5 1 0,1
w 37 39,5 1 0,1
w 38 39,5 1 0,1
w 38 34,5 1 0,1
w 39,5 35 0,1 1
w 39 34,5 1 0,1
w 39,5 36 0,1 1
w 39,5 37 0,1 1
w 39,5 38 0,1 1
w 39,5 39 0,1 1
w 39 39,5 1 0,1
b 25
w 13,5 18 0,1 1
w 14 18,5 1 0,1
w 13,5 17 0,1 1
w 13,5 16 0,1 1
w 13,5 15 0,1 1
w 13,5 14 0,1 1
w 13,5 13 0,1 1
w 13,5 12 0,1 1
w 13,5 11 0,1 1
w 14 10,5 1 0,1
w 15 10,5 1 0,1
w 15 18,5 1 0,1
w 16 18,5 1 0,1
w 16 10,5 1 0,1
w 17 10,5 1 0,1
w 17 18,5 1 0,1
w 18,5 18 0,1 1
w 18 18,5 1 0,1
w 18,5 17 0,1 1
w 18,5 16 0,1 1
w 18,5 15 0,1 1
w 18,5 14 0,1 1
w 18,5 13 0,1 1
w 18,5 12 0,1 1
w 18,5 11 0,1 1
w 18 10,5 1 0,1
b 26
w -0,5 35 0,1 1
w 0 34,5 1 0,1
w -0,5 36 0,1 1
w -0,5 37 0,1 1
w -0,5 38 0,1 1
w -0,5 39 0,1 1
w 0 39,5 1 0,1
w 1 39,5 1 0,1
w 1 34,5 1 0,1
w 2 34,5 1 0,1
w 2 39,5 1 0,1
w 3,5 39 0,1 1
w 3 39,5 1 0,1
w 3,5 38 0,1 1
w 3,5 37 0,1 1
w 3,5 36 0,1 1
w 3,5 35 0,1 1
w 3 34,5 1 0,1
b 27
w 4,5 29 0,1 1
w 5 29,5 1 0,1
w 4,5 28 0,1 1
w 4,5 27 0,1 1
w 4,5 26 0,1 1
w 4,5 25 0,1 1
w 5 24,5 1 0,1
w 6 24,5 1 0,1
w 6 29,5 1 0,1
w 7 29,5 1 0,1
w 7 24,5 1 0,1
w 8,5 25 0,1 1
w 8 24,5 1 0,1
w 8,5 26 0,1 1
w 8,5 27 0,1 1
w 8,5 28 0,1 1
w 8,5 29 0,1 1
w 8 29,5 1 0,1
b 28
w 4,5 0 0,1 1
w 5 -0,5 1 0,1
w 4,5 1 0,1 1
w 4,5 2 0,1 1
w 4,5 3 0,1 1
w 4,5 4 0,1 1
w 5 4,5 1 0,1
w 6 4,5 1 0,1
w 6 -0,5 1 0,1
w 7 -0,5 1 0,1
w 7 4,5 1 0,1
w 8,5 4 0,1 1
w 8 4,5 1 0,1
w 8,5 3 0,1 1
w 8,5 2 0,1 1
w 8,5 1 0,1 1
w 8,5 0 0,1 1
w 8 -0,5 1 0,1
b 29
w 9,5 0 0,1 1
w 10 -0,5 1 0,1
w 9,5 1 0,1 1
w 9,5 2 0,1 1
w 9,5 3 0,1 1
w 9,5 4 0,1 1
w 10 4,5 1 0,1
w 11 4,5 1 0,1
w 11 -0,5 1 0,1
w 12 -0,5 1 0,1
w 12 4,5 1 0,1
w 13,5 4 0,1 1
w 13 4,5 1 0,1
w 13,5 3 0,1 1
w 13,5 2 0,1 1
w 13,5 1 0,1 1
w 13,5 0 0,1 1
w 13 -0,5 1 0,1
b 30
w 9,5 25 0,1 1
w 10 24,5 1 0,1
w 9,5 26 0,1 1
w 9,5 27 0,1 1
w 9,5 28 0,1 1
w 9,5 29 0,1 1
w 9,5 30 0,1 1
w 9,5 31 0,1 1
w 10 31,5 1 0,1
w 11 31,5 1 0,1
w 11 24,5 1 0,1
w 12 24,5 1 0,1
w 12 31,5 1 0,1
w 13,5 31 0,1 1
w 13 31,5 1 0,1
w 13,5 30 0,1 1
w 13,5 29 0,1 1
w 13,5 28 0,1 1
w 13,5 27 0,1 1
w 13,5 26 0,1 1
w 13,5 25 0,1 1
w 13 24,5 1 0,1
b 31
w 14,5 0 0,1 1
w 15 -0,5 1 0,1
w 14,5 1 0,1 1
w 14,5 2 0,1 1
w 14,5 3 0,1 1
w 15 3,5 1 0,1
w 16 3,5 1 0,1
w 16 -0,5 1 0,1
w 17 -0,5 1 0,1
w 17 3,5 1 0,1
w 18 3,5 1 0,1
w 18 -0,5 1 0,1
w 19,5 0 0,1 1
w 19 -0,5 1 0,1
w 19,5 1 0,1 1
w 19,5 2 0,1 1
w 19,5 3 0,1 1
w 19 3,5 1 0,1
b 32
w 20,5 27 0,1 1
w 21 26,5 1 0,1
w 20,5 28 0,1 1
w 20,5 29 0,1 1
w 20,5 30 0,1 1
w 20,5 31 0,1 1
w 20,5 32 0,1 1
w 20,5 33 0,1 1
w 21 33,5 1 0,1
w 22 33,5 1 0,1
w 22 26,5 1 0,1
w 23 26,5 1 0,1
w 23 33,5 1 0,1
w 24 33,5 1 0,1
w 24 26,5 1 0,1
w 25,5 27 0,1 1
w 25 26,5 1 0,1
w 25,5 28 0,1 1
w 25,5 29 0,1 1
w 25,5 30 0,1 1
w 25,5 31 0,1 1
w 25,5 32 0,1 1
w 25,5 33 0,1 1
w 25 33,5 1 0,1
b 33
w 25,5 28 0,1 1
w 26 28,5 1 0,1
w 25,5 27 0,1 1
w 25,5 26 0,1 1
w 25,5 25 0,1 1
w 26 24,5 1 0,1
w 27 24,5 1 0,1
w 27 28,5 1 0,1
w 28 28,5 1 0,1
w 28 24,5 1 0,1
w 29 24,5 1 0,1
w 29 28,5 1 0,1
w 30 28,5 1 0,1
w 30 24,5 1 0,1
w 31 24,5 1 0,1
w 31 28,5 1 0,1
w 32 28,5 1 0,1
w 32 24,5 1 0,1
w 33,5 25 0,1 1
w 33 24,5 1 0,1
w 33,5 26 0,1 1
w 33,5 27 0,1 1
w 33,5 28 0,1 1
w 33 28,5 1 0,1
b 34
w 24,5 13 0,1 1
w 25 12,5 1 0,1
w 24,5 14 0,1 1
w 24,5 15 0,1 1
w 24,5 16 0,1 1
w 24,5 17 0,1 1
w 24,5 18 0,1 1
w 25 18,5 1 0,1
w 26 18,5 1 0,1
w 26 12,5 1 0,1
w 27 12,5 1 0,1
w 27 18,5 1 0,1
w 28 18,5 1 0,1
w 28 12,5 1 0,1
w 29,5 13 0,1 1
w 29 12,5 1 0,1
w 29,5 14 0,1 1
w 29,5 15 0,1 1
w 29,5 16 0,1 1
w 29,5 17 0,1 1
w 29,5 18 0,1 1
w 29 18,5 1 0,1
b 35
w 29,5 14 0,1 1
w 30 14,5 1 0,1
w 29,5 13 0,1 1
w 29,5 12 0,1 1
w 29,5 11 0,1 1
w 29,5 10 0,1 1
w 30 9,5 1 0,1
w 31 9,5 1 0,1
w 31 14,5 1 0,1
w 32 14,5 1 0,1
w 32 9,5 1 0,1
w 33,5 10 0,1 1
w 33 9,5 1 0,1
w 33,5 11 0,1 1
w 33,5 12 0,1 1
w 33,5 13 0,1 1
w 33,5 14 0,1 1
w 33 14,5 1 0,1
b 36
w 29,5 0 0,1 1
w 30 -0,5 1 0,1
w 29,5 1 0,1 1
w 29,5 2 0,1 1
w 29,5 3 0,1 1
w 29,5 4 0,1 1
w 30 4,5 1 0,1
w 31 4,5 1 0,1
w 31 -0,5 1 0,1
w 32 -0,5 1 0,1
w 32 4,5 1 0,1
w 33,5 4 0,1 1
w 33 4,5 1 0,1
w 33,5 3 0,1 1
w 33,5 2 0,1 1
w 33,5 1 0,1 1
w 33,5 0 0,1 1
w 33 -0,5 1 0,1
b 37
w 29,5 20 0,1 1
w 30 19,5 1 0,1
w 29,5 21 0,1 1
w 29,5 22 0,1 1
w 29,5 23 0,1 1
w 30 23,5 1 0,1
w 31 23,5 1 0,1
w 31 19,5 1 0,1
w 32 19,5 1 0,1
w 32 23,5 1 0,1
w 33 23,5 1 0,1
w 33 19,5 1 0,1
w 34,5 20 0,1 1
w 34 19,5 1 0,1
w 34,5 21 0,1 1
w 34,5 22 0,1 1
w 34,5 23 0,1 1
w 34 23,5 1 0,1
b 38
w 29,5 30 0,1 1
w 30 29,5 1 0,1
w 29,5 31 0,1 1
w 29,5 32 0,1 1
w 29,5 33 0,1 1
w 29,5 34 0,1 1
w 30 34,5 1 0,1
w 31 34,5 1 0,1
w 31 29,5 1 0,1
w 32 29,5 1 0,1
w 32 34,5 1 0,1
w 33,5 34 0,1 1
w 33 34,5 1 0,1
w 33,5 33 0,1 1
w 33,5 32 0,1 1
w 33,5 31 0,1 1
w 33,5 30 0,1 1
w 33 29,5 1 0,1
b 39
w 34,5 10 0,1 1
w 35 9,5 1 0,1
w 34,5 11 0,1 1
w 34,5 12 0,1 1
w 34,5 13 0,1 1
w 34,5 14 0,1 1
w 35 14,5 1 0,1
w 36 14,5 1 0,1
w 36 9,5 1 0,1
w 37 9,5 1 0,1
w 37 14,5 1 0,1
w 38 14,5 1 0,1
w 38 9,5 1 0,1
w 39,5 10 0,1 1
w 39 9,5 1 0,1
w 39,5 11 0,1 1
w 39,5 12 0,1 1
w 39,5 13 0,1 1
w 39,5 14 0,1 1
w 39 14,5 1 0,1
b 40
w 34,5 25 0,1 1
w 35 24,5 1 0,1
w 34,5 26 0,1 1
w 34,5 27 0,1 1
w 34,5 28 0,1 1
w 34,5 29 0,1 1
w 35 29,5 1 0,1
w 36 29,5 1 0,1
w 36 24,5 1 0,1
w 37 24,5 1 0,1
w 37 29,5 1 0,1
w 38 29,5 1 0,1
w 38 24,5 1 0,1
w 39,5 25 0,1 1
w 39 24,5 1 0,1
w 39,5 26 0,1 1
w 39,5 27 0,1 1
w 39,5 28 0,1 1
w 39,5 29 0,1 1
w 39 29,5 1 0,1
b 41
w 4,5 18 0,1 1
w 4,5 19 0,1 1
w 4,5 20 0,1 1
w 4,5 21 0,1 1
w 4,5 22 0,1 1
w 4,5 23 0,1 1
w 5 23,5 1 0,1
w 6 23,5 1 0,1
w 4,5 17 0,1 1
w 4,5 16 0,1 1
w 5 15,5 1 0,1
w 6 15,5 1 0,1
w 7 15,5 1 0,1
w 7 23,5 1 0,1
w 8,5 23 0,1 1
w 8 23,5 1 0,1
w 8,5 22 0,1 1
w 8,5 21 0,1 1
w 8,5 20 0,1 1
w 8,5 19 0,1 1
w 8,5 18 0,1 1
w 8,5 17 0,1 1
w 8,5 16 0,1 1
w 8 15,5 1 0,1
b 42
w 8,5 16 0,1 1
w 9 15,5 1 0,1
w 8,5 17 0,1 1
w 8,5 18 0,1 1
w 8,5 19 0,1 1
w 8,5 20 0,1 1
w 8,5 21 0,1 1
w 8,5 22 0,1 1
w 8,5 23 0,1 1
w 9 23,5 1 0,1
w 10 23,5 1 0,1
w 10 15,5 1 0,1
w 11 15,5 1 0,1
w 11 23,5 1 0,1
w 12 23,5 1 0,1
w 12 15,5 1 0,1
w 13,5 16 0,1 1
w 13 15,5 1 0,1
w 13,5 17 0,1 1
w 13,5 18 0,1 1
w 13,5 19 0,1 1
w 13,5 20 0,1 1
w 13,5 21 0,1 1
w 13,5 22 0,1 1
w 13,5 23 0,1 1
w 13 23,5 1 0,1
b 43
w 13,5 10 0,1 1
w 14 10,5 1 0,1
w 14 9,5 1 0,1
w 15 10,5 1 0,1
w 16 10,5 1 0,1
w 14,5 9 0,1 1
w 14,5 8 0,1 1
w 14,5 7 0,1 1
w 14,5 6 0,1 1
w 14,5 5 0,1 1
w 15 4,5 1 0,1
w 16 4,5 1 0,1
w 17 10,5 1 0,1
w 18,5 10 0,1 1
w 18 10,5 1 0,1
w 18,5 9 0,1 1
w 18,5 8 0,1 1
w 18,5 7 0,1 1
w 18,5 6 0,1 1
w 18,5 5 0,1 1
w 18 4,5 1 0,1
w 17 4,5 1 0,1
b 44
w -0,5 30 0,1 1
w 0 29,5 1 0,1
w -0,5 31 0,1 1
w -0,5 32 0,1 1
w -0,5 33 0,1 1
w -0,5 34 0,1 1
w 0 34,5 1 0,1
w 1 34,5 1 0,1
w 1 29,5 1 0,1
w 2 29,5 1 0,1
w 2 34,5 1 0,1
w 3,5 34 0,1 1
w 3 34,5 1 0,1
w 3 29,5 1 0,1
w 4,5 30 0,1 1
w 4 29,5 1 0,1
w 4,5 31 0,1 1
w 4,5 32 0,1 1
w 4,5 33 0,1 1
w 4 33,5 1 0,1
b 45
w 14,5 32 0,1 1
w 15 31,5 1 0,1
w 14,5 33 0,1 1
w 14,5 34 0,1 1
w 14,5 35 0,1 1
w 14,5 36 0,1 1
w 14,5 37 0,1 1
w 14,5 38 0,1 1
w 14,5 39 0,1 1
w 15 39,5 1 0,1
w 16 39,5 1 0,1
w 16 31,5 1 0,1
w 17 31,5 1 0,1
w 17 39,5 1 0,1
w 18,5 39 0,1 1
w 18 39,5 1 0,1
w 18,5 38 0,1 1
w 18,5 37 0,1 1
w 18,5 36 0,1 1
w 18,5 35 0,1 1
w 18,5 34 0,1 1
w 18 31,5 1 0,1
w 19 31,5 1 0,1
w 19 33,5 1 0,1
w 20,5 33 0,1 1
w 20 33,5 1 0,1
w 20,5 32 0,1 1
w 20 31,5 1 0,1
b 46
w 20,5 20 0,1 1
w 21 19,5 1 0,1
w 20,5 21 0,1 1
w 20,5 22 0,1 1
w 20,5 23 0,1 1
w 20,5 24 0,1 1
w 20,5 25 0,1 1
w 20,5 26 0,1 1
w 21 26,5 1 0,1
w 22 26,5 1 0,1
w 22 19,5 1 0,1
w 23 19,5 1 0,1
w 23 26,5 1 0,1
w 24 26,5 1 0,1
w 24 19,5 1 0,1
w 25,5 20 0,1 1
w 25 19,5 1 0,1
w 25,5 21 0,1 1
w 25,5 22 0,1 1
w 25,5 23 0,1 1
w 25,5 24 0,1 1
w 25,5 25 0,1 1
w 25,5 26 0,1 1
w 25 26,5 1 0,1
b 47
w 25,5 24 0,1 1
w 26 24,5 1 0,1
w 25,5 23 0,1 1
w 25,5 22 0,1 1
w 25,5 21 0,1 1
w 25,5 20 0,1 1
w 26 19,5 1 0,1
w 27 19,5 1 0,1
w 27 24,5 1 0,1
w 28,5 24 0,1 1
w 28 24,5 1 0,1
w 28,5 23 0,1 1
w 28,5 22 0,1 1
w 28,5 21 0,1 1
w 28,5 20 0,1 1
w 28 19,5 1 0,1
b 48
w 24,5 0 0,1 1
w 25 -0,5 1 0,1
w 24,5 1 0,1 1
w 24,5 2 0,1 1
w 24,5 3 0,1 1
w 24,5 4 0,1 1
w 24,5 5 0,1 1
w 24,5 6 0,1 1
w 24,5 7 0,1 1
w 25 7,5 1 0,1
w 26 7,5 1 0,1
w 26 -0,5 1 0,1
w 27 -0,5 1 0,1
w 27 7,5 1 0,1
w 28,5 7 0,1 1
w 28 7,5 1 0,1
w 28,5 6 0,1 1
w 28,5 5 0,1 1
w 28,5 4 0,1 1
w 28,5 3 0,1 1
w 28,5 2 0,1 1
w 28,5 1 0,1 1
w 28,5 0 0,1 1
w 28 -0,5 1 0,1
b 49
w 24,5 8 0,1 1
w 25 7,5 1 0,1
w 24,5 9 0,1 1
w 24,5 10 0,1 1
w 24,5 11 0,1 1
w 24,5 12 0,1 1
w 25 12,5 1 0,1
w 26 12,5 1 0,1
w 26 7,5 1 0,1
w 27 7,5 1 0,1
w 27 12,5 1 0,1
w 28 12,5 1 0,1
w 28,5 9 0,1 1
w 28,5 8 0,1 1
w 28 7,5 1 0,1
w 29,5 10 0,1 1
w 29 9,5 1 0,1
w 29,5 11 0,1 1
w 29,5 12 0,1 1
w 29 12,5 1 0,1
b 50
w -0,5 15 0,1 1
w 0 14,5 1 0,1
w -0,5 16 0,1 1
w -0,5 17 0,1 1
w -0,5 18 0,1 1
w 0 18,5 1 0,1
w 1 18,5 1 0,1
w 1 14,5 1 0,1
w 2 14,5 1 0,1
w 2 18,5 1 0,1
w 3 18,5 1 0,1
w 3 14,5 1 0,1
w 4,5 15 0,1 1
w 4 14,5 1 0,1
w 4,5 16 0,1 1
w 4,5 17 0,1 1
w 4,5 18 0,1 1
w 4 18,5 1 0,1
b 51
w 4,5 15 0,1 1
w 5 15,5 1 0,1
w 5 14,5 1 0,1
w 6 15,5 1 0,1
w 6 14,5 1 0,1
w 8,5 15 0,1 1
w 8 15,5 1 0,1
w 8 14,5 1 0,1
w 7 15,5 1 0,1
w 7 14,5 1 0,1
w 8,5 12 0,1 1
w 8,5 13 0,1 1
w 8 13,5 1 0,1
w 7 13,5 1 0,1
w 6 13,5 1 0,1
w 4,5 13 0,1 1
w 5 13,5 1 0,1
w 4,5 12 0,1 1
w 4,5 11 0,1 1
w 4,5 10 0,1 1
w 5 9,5 1 0,1
w 6 9,5 1 0,1
w 7 9,5 1 0,1
w 8,5 10 0,1 1
w 8 9,5 1 0,1
w 8,5 11 0,1 1
b 52
w 8,5 15 0,1 1
w 9 15,5 1 0,1
w 9 14,5 1 0,1
w 10 15,5 1 0,1
w 9,5 14 0,1 1
w 8,5 13 0,1 1
w 9 13,5 1 0,1
w 8,5 12 0,1 1
w 8,5 11 0,1 1
w 8,5 10 0,1 1
w 9 9,5 1 0,1
w 10 9,5 1 0,1
w 11 15,5 1 0,1
w 12 15,5 1 0,1
w 11 9,5 1 0,1
w 12 9,5 1 0,1
w 13,5 10 0,1 1
w 13 9,5 1 0,1
w 13,5 11 0,1 1
w 13,5 12 0,1 1
w 13,5 13 0,1 1
w 13,5 14 0,1 1
w 13,5 15 0,1 1
w 13 15,5 1 0,1
b 53
w 14,5 26 0,1 1
w 15 25,5 1 0,1
w 14,5 27 0,1 1
w 14,5 28 0,1 1
w 14,5 29 0,1 1
w 14,5 30 0,1 1
w 14,5 31 0,1 1
w 15 31,5 1 0,1
w 16 31,5 1 0,1
w 16 25,5 1 0,1
w 17 25,5 1 0,1
w 17 31,5 1 0,1
w 18 31,5 1 0,1
w 18 25,5 1 0,1
w 19 25,5 1 0,1
w 19 31,5 1 0,1
w 20,5 31 0,1 1
w 20 31,5 1 0,1
w 20,5 30 0,1 1
w 20,5 29 0,1 1
w 20,5 28 0,1 1
w 20,5 27 0,1 1
w 20,5 26 0,1 1
w 20 25,5 1 0,1
b 54
w -0,5 10 0,1 1
w 0 9,5 1 0,1
w -0,5 11 0,1 1
w -0,5 12 0,1 1
w -0,5 13 0,1 1
w -0,5 14 0,1 1
w 0 14,5 1 0,1
w 1 14,5 1 0,1
w 1 9,5 1 0,1
w 2 9,5 1 0,1
w 2 14,5 1 0,1
w 3,5 14 0,1 1
w 3 14,5 1 0,1
w 3,5 13 0,1 1
w 3,5 12 0,1 1
w 3,5 11 0,1 1
w 3,5 10 0,1 1
w 3 9,5 1 0,1
b 55
w 14,5 20 0,1 1
w 15 19,5 1 0,1
w 14,5 21 0,1 1
w 14,5 22 0,1 1
w 14,5 23 0,1 1
w 14,5 24 0,1 1
w 14,5 25 0,1 1
w 15 25,5 1 0,1
w 16 25,5 1 0,1
w 16 19,5 1 0,1
w 17 19,5 1 0,1
w 17 25,5 1 0,1
w 18 25,5 1 0,1
w 18 19,5 1 0,1
w 19 19,5 1 0,1
w 19 25,5 1 0,1
w 20,5 25 0,1 1
w 20 25,5 1 0,1
w 20,5 24 0,1 1
w 20,5 23 0,1 1
w 20,5 22 0,1 1
w 20,5 21 0,1 1
w 20,5 20 0,1 1
w 20 19,5 1 0,1
